value,walltime,source_model,target_model,dataset,distance,representation,sampler,split,budget
0.0,0.0005800588987767696,"pretrain(mbnetv2,imagenet-1k)->transfer(Flower102,0.1)","pretrain(mbnetv2,imagenet-1k)->transfer(Flower102,0.1)",Flower102,l2,SAC,RandomSubsample10,test,100
0.10459208488464355,0.0001115619670599699,"pretrain(mbnetv2,imagenet-1k)->transfer(Flower102,0.1)","pretrain(mbnetv2,imagenet-1k)->transfer(Flower102,0.1)->prune(0.2)",Flower102,l2,SAC,RandomSubsample10,test,100
0.13209424912929535,0.00010250392369925976,"pretrain(mbnetv2,imagenet-1k)->transfer(Flower102,0.1)","pretrain(mbnetv2,imagenet-1k)->transfer(Flower102,0.1)->prune(0.5)",Flower102,l2,SAC,RandomSubsample10,test,100
0.21919827163219452,0.00010651606135070324,"pretrain(mbnetv2,imagenet-1k)->transfer(Flower102,0.1)","pretrain(mbnetv2,imagenet-1k)->transfer(Flower102,0.1)->prune(0.8)",Flower102,l2,SAC,RandomSubsample10,test,100
5.2846512517135125e-6,0.00009937095455825329,"pretrain(mbnetv2,imagenet-1k)->transfer(Flower102,0.1)","pretrain(mbnetv2,imagenet-1k)->transfer(Flower102,0.1)->quantize(float16)",Flower102,l2,SAC,RandomSubsample10,test,100
0.0005758857005275786,0.00009571388363838196,"pretrain(mbnetv2,imagenet-1k)->transfer(Flower102,0.1)","pretrain(mbnetv2,imagenet-1k)->transfer(Flower102,0.1)->quantize(qint8)",Flower102,l2,SAC,RandomSubsample10,test,100
0.41612735390663147,0.00009432598017156124,"pretrain(mbnetv2,imagenet-1k)->transfer(Flower102,0.1)","pretrain(mbnetv2,imagenet-1k)->transfer(Flower102,0.1)->steal(mbnetv2)",Flower102,l2,SAC,RandomSubsample10,test,100
0.2676665484905243,0.00009693019092082977,"pretrain(mbnetv2,imagenet-1k)->transfer(Flower102,0.1)","pretrain(mbnetv2,imagenet-1k)->transfer(Flower102,0.1)->steal(resnet18)",Flower102,l2,SAC,RandomSubsample10,test,100
0.373950719833374,0.00009436090476810932,"pretrain(mbnetv2,imagenet-1k)->transfer(Flower102,0.1)","pretrain(mbnetv2,imagenet-1k)->transfer(Flower102,0.1)->distill()",Flower102,l2,SAC,RandomSubsample10,test,100
0.16924439370632172,0.00009438698180019855,"pretrain(mbnetv2,imagenet-1k)->transfer(Flower102,0.1)","pretrain(mbnetv2,imagenet-1k)->transfer(Flower102,0.5)",Flower102,l2,SAC,RandomSubsample10,test,100
0.19509051740169525,0.00009538792073726654,"pretrain(mbnetv2,imagenet-1k)->transfer(Flower102,0.1)","pretrain(mbnetv2,imagenet-1k)->transfer(Flower102,0.5)->prune(0.2)",Flower102,l2,SAC,RandomSubsample10,test,100
0.17677345871925354,0.00009321304969489574,"pretrain(mbnetv2,imagenet-1k)->transfer(Flower102,0.1)","pretrain(mbnetv2,imagenet-1k)->transfer(Flower102,0.5)->prune(0.5)",Flower102,l2,SAC,RandomSubsample10,test,100
0.2652209997177124,0.00009429291822016239,"pretrain(mbnetv2,imagenet-1k)->transfer(Flower102,0.1)","pretrain(mbnetv2,imagenet-1k)->transfer(Flower102,0.5)->prune(0.8)",Flower102,l2,SAC,RandomSubsample10,test,100
0.16923916339874268,0.0000931259710341692,"pretrain(mbnetv2,imagenet-1k)->transfer(Flower102,0.1)","pretrain(mbnetv2,imagenet-1k)->transfer(Flower102,0.5)->quantize(float16)",Flower102,l2,SAC,RandomSubsample10,test,100
0.16943837702274323,0.00009865383617579937,"pretrain(mbnetv2,imagenet-1k)->transfer(Flower102,0.1)","pretrain(mbnetv2,imagenet-1k)->transfer(Flower102,0.5)->quantize(qint8)",Flower102,l2,SAC,RandomSubsample10,test,100
0.46990883350372314,0.0000987399835139513,"pretrain(mbnetv2,imagenet-1k)->transfer(Flower102,0.1)","pretrain(mbnetv2,imagenet-1k)->transfer(Flower102,0.5)->steal(mbnetv2)",Flower102,l2,SAC,RandomSubsample10,test,100
0.3829125761985779,0.00009275507181882858,"pretrain(mbnetv2,imagenet-1k)->transfer(Flower102,0.1)","pretrain(mbnetv2,imagenet-1k)->transfer(Flower102,0.5)->steal(resnet18)",Flower102,l2,SAC,RandomSubsample10,test,100
0.3352188467979431,0.00009323493577539921,"pretrain(mbnetv2,imagenet-1k)->transfer(Flower102,0.1)","pretrain(mbnetv2,imagenet-1k)->transfer(Flower102,0.5)->distill()",Flower102,l2,SAC,RandomSubsample10,test,100
0.15513084828853607,0.00009357905946671963,"pretrain(mbnetv2,imagenet-1k)->transfer(Flower102,0.1)","pretrain(mbnetv2,imagenet-1k)->transfer(Flower102,1.0)",Flower102,l2,SAC,RandomSubsample10,test,100
0.1733766496181488,0.00009292992763221264,"pretrain(mbnetv2,imagenet-1k)->transfer(Flower102,0.1)","pretrain(mbnetv2,imagenet-1k)->transfer(Flower102,1.0)->prune(0.2)",Flower102,l2,SAC,RandomSubsample10,test,100
0.15300841629505157,0.00009262096136808395,"pretrain(mbnetv2,imagenet-1k)->transfer(Flower102,0.1)","pretrain(mbnetv2,imagenet-1k)->transfer(Flower102,1.0)->prune(0.5)",Flower102,l2,SAC,RandomSubsample10,test,100
0.27293920516967773,0.00010287994518876076,"pretrain(mbnetv2,imagenet-1k)->transfer(Flower102,0.1)","pretrain(mbnetv2,imagenet-1k)->transfer(Flower102,1.0)->prune(0.8)",Flower102,l2,SAC,RandomSubsample10,test,100
0.15513204038143158,0.00009286799468100071,"pretrain(mbnetv2,imagenet-1k)->transfer(Flower102,0.1)","pretrain(mbnetv2,imagenet-1k)->transfer(Flower102,1.0)->quantize(float16)",Flower102,l2,SAC,RandomSubsample10,test,100
0.15519358217716217,0.00009935698471963406,"pretrain(mbnetv2,imagenet-1k)->transfer(Flower102,0.1)","pretrain(mbnetv2,imagenet-1k)->transfer(Flower102,1.0)->quantize(qint8)",Flower102,l2,SAC,RandomSubsample10,test,100
0.4658103585243225,0.00009303702972829342,"pretrain(mbnetv2,imagenet-1k)->transfer(Flower102,0.1)","pretrain(mbnetv2,imagenet-1k)->transfer(Flower102,1.0)->steal(mbnetv2)",Flower102,l2,SAC,RandomSubsample10,test,100
0.3438805341720581,0.00009273993782699108,"pretrain(mbnetv2,imagenet-1k)->transfer(Flower102,0.1)","pretrain(mbnetv2,imagenet-1k)->transfer(Flower102,1.0)->steal(resnet18)",Flower102,l2,SAC,RandomSubsample10,test,100
0.351007342338562,0.00009219394996762276,"pretrain(mbnetv2,imagenet-1k)->transfer(Flower102,0.1)","pretrain(mbnetv2,imagenet-1k)->transfer(Flower102,1.0)->distill()",Flower102,l2,SAC,RandomSubsample10,test,100
0.17853233218193054,0.0000926600769162178,"pretrain(mbnetv2,imagenet-1k)->transfer(Flower102,0.1)","pretrain(resnet18,imagenet-1k)->transfer(Flower102,0.1)",Flower102,l2,SAC,RandomSubsample10,test,100
0.14667145907878876,0.00009341095574200153,"pretrain(mbnetv2,imagenet-1k)->transfer(Flower102,0.1)","pretrain(resnet18,imagenet-1k)->transfer(Flower102,0.1)->prune(0.2)",Flower102,l2,SAC,RandomSubsample10,test,100
0.15072296559810638,0.00009265891276299953,"pretrain(mbnetv2,imagenet-1k)->transfer(Flower102,0.1)","pretrain(resnet18,imagenet-1k)->transfer(Flower102,0.1)->prune(0.5)",Flower102,l2,SAC,RandomSubsample10,test,100
0.17414943873882294,0.00009226310066878796,"pretrain(mbnetv2,imagenet-1k)->transfer(Flower102,0.1)","pretrain(resnet18,imagenet-1k)->transfer(Flower102,0.1)->prune(0.8)",Flower102,l2,SAC,RandomSubsample10,test,100
0.1785317063331604,0.00009249313734471798,"pretrain(mbnetv2,imagenet-1k)->transfer(Flower102,0.1)","pretrain(resnet18,imagenet-1k)->transfer(Flower102,0.1)->quantize(float16)",Flower102,l2,SAC,RandomSubsample10,test,100
0.1784919798374176,0.00010176794603466988,"pretrain(mbnetv2,imagenet-1k)->transfer(Flower102,0.1)","pretrain(resnet18,imagenet-1k)->transfer(Flower102,0.1)->quantize(qint8)",Flower102,l2,SAC,RandomSubsample10,test,100
0.3774251341819763,0.00009413110092282295,"pretrain(mbnetv2,imagenet-1k)->transfer(Flower102,0.1)","pretrain(resnet18,imagenet-1k)->transfer(Flower102,0.1)->steal(mbnetv2)",Flower102,l2,SAC,RandomSubsample10,test,100
0.2669590413570404,0.00009264401160180569,"pretrain(mbnetv2,imagenet-1k)->transfer(Flower102,0.1)","pretrain(resnet18,imagenet-1k)->transfer(Flower102,0.1)->steal(resnet18)",Flower102,l2,SAC,RandomSubsample10,test,100
0.20020656287670135,0.00009272806346416473,"pretrain(mbnetv2,imagenet-1k)->transfer(Flower102,0.1)","pretrain(resnet18,imagenet-1k)->transfer(Flower102,0.1)->distill()",Flower102,l2,SAC,RandomSubsample10,test,100
0.17777559161186218,0.00009288103319704533,"pretrain(mbnetv2,imagenet-1k)->transfer(Flower102,0.1)","pretrain(resnet18,imagenet-1k)->transfer(Flower102,0.5)",Flower102,l2,SAC,RandomSubsample10,test,100
0.1878647804260254,0.00009368499740958214,"pretrain(mbnetv2,imagenet-1k)->transfer(Flower102,0.1)","pretrain(resnet18,imagenet-1k)->transfer(Flower102,0.5)->prune(0.2)",Flower102,l2,SAC,RandomSubsample10,test,100
0.17407573759555817,0.00009227893315255642,"pretrain(mbnetv2,imagenet-1k)->transfer(Flower102,0.1)","pretrain(resnet18,imagenet-1k)->transfer(Flower102,0.5)->prune(0.5)",Flower102,l2,SAC,RandomSubsample10,test,100
0.1516764760017395,0.00009136111475527287,"pretrain(mbnetv2,imagenet-1k)->transfer(Flower102,0.1)","pretrain(resnet18,imagenet-1k)->transfer(Flower102,0.5)->prune(0.8)",Flower102,l2,SAC,RandomSubsample10,test,100
0.17533105611801147,0.00009259185753762722,"pretrain(mbnetv2,imagenet-1k)->transfer(Flower102,0.1)","pretrain(resnet18,imagenet-1k)->transfer(Flower102,0.5)->quantize(float16)",Flower102,l2,SAC,RandomSubsample10,test,100
0.1753828525543213,0.00010049482807517052,"pretrain(mbnetv2,imagenet-1k)->transfer(Flower102,0.1)","pretrain(resnet18,imagenet-1k)->transfer(Flower102,0.5)->quantize(qint8)",Flower102,l2,SAC,RandomSubsample10,test,100
0.4627951979637146,0.00009294087067246437,"pretrain(mbnetv2,imagenet-1k)->transfer(Flower102,0.1)","pretrain(resnet18,imagenet-1k)->transfer(Flower102,0.5)->steal(mbnetv2)",Flower102,l2,SAC,RandomSubsample10,test,100
0.368108332157135,0.00009273411706089973,"pretrain(mbnetv2,imagenet-1k)->transfer(Flower102,0.1)","pretrain(resnet18,imagenet-1k)->transfer(Flower102,0.5)->steal(resnet18)",Flower102,l2,SAC,RandomSubsample10,test,100
0.15511290729045868,0.00009944499470293522,"pretrain(mbnetv2,imagenet-1k)->transfer(Flower102,0.1)","pretrain(resnet18,imagenet-1k)->transfer(Flower102,0.5)->distill()",Flower102,l2,SAC,RandomSubsample10,test,100
0.1968834102153778,0.00009287404827773571,"pretrain(mbnetv2,imagenet-1k)->transfer(Flower102,0.1)","pretrain(resnet18,imagenet-1k)->transfer(Flower102,1.0)",Flower102,l2,SAC,RandomSubsample10,test,100
0.18723183870315552,0.0000926838256418705,"pretrain(mbnetv2,imagenet-1k)->transfer(Flower102,0.1)","pretrain(resnet18,imagenet-1k)->transfer(Flower102,1.0)->prune(0.2)",Flower102,l2,SAC,RandomSubsample10,test,100
0.17045100033283234,0.00009212899021804333,"pretrain(mbnetv2,imagenet-1k)->transfer(Flower102,0.1)","pretrain(resnet18,imagenet-1k)->transfer(Flower102,1.0)->prune(0.5)",Flower102,l2,SAC,RandomSubsample10,test,100
0.1492290198802948,0.00009191781282424927,"pretrain(mbnetv2,imagenet-1k)->transfer(Flower102,0.1)","pretrain(resnet18,imagenet-1k)->transfer(Flower102,1.0)->prune(0.8)",Flower102,l2,SAC,RandomSubsample10,test,100
0.17651155591011047,0.00009184004738926888,"pretrain(mbnetv2,imagenet-1k)->transfer(Flower102,0.1)","pretrain(resnet18,imagenet-1k)->transfer(Flower102,1.0)->quantize(float16)",Flower102,l2,SAC,RandomSubsample10,test,100
0.17646296322345734,0.00009180698543787003,"pretrain(mbnetv2,imagenet-1k)->transfer(Flower102,0.1)","pretrain(resnet18,imagenet-1k)->transfer(Flower102,1.0)->quantize(qint8)",Flower102,l2,SAC,RandomSubsample10,test,100
0.44776666164398193,0.00010010413825511932,"pretrain(mbnetv2,imagenet-1k)->transfer(Flower102,0.1)","pretrain(resnet18,imagenet-1k)->transfer(Flower102,1.0)->steal(mbnetv2)",Flower102,l2,SAC,RandomSubsample10,test,100
0.348226398229599,0.00009176810272037983,"pretrain(mbnetv2,imagenet-1k)->transfer(Flower102,0.1)","pretrain(resnet18,imagenet-1k)->transfer(Flower102,1.0)->steal(resnet18)",Flower102,l2,SAC,RandomSubsample10,test,100
0.1551109105348587,0.00009146006777882576,"pretrain(mbnetv2,imagenet-1k)->transfer(Flower102,0.1)","pretrain(resnet18,imagenet-1k)->transfer(Flower102,1.0)->distill()",Flower102,l2,SAC,RandomSubsample10,test,100
0.47456303238868713,0.00009298487566411495,"pretrain(mbnetv2,imagenet-1k)->transfer(Flower102,0.1)","train(mbnetv2,Flower102)",Flower102,l2,SAC,RandomSubsample10,test,100
0.4809977114200592,0.00009392597712576389,"pretrain(mbnetv2,imagenet-1k)->transfer(Flower102,0.1)","train(mbnetv2,Flower102)->prune(0.2)",Flower102,l2,SAC,RandomSubsample10,test,100
0.4824533462524414,0.00009252200834453106,"pretrain(mbnetv2,imagenet-1k)->transfer(Flower102,0.1)","train(mbnetv2,Flower102)->prune(0.5)",Flower102,l2,SAC,RandomSubsample10,test,100
0.4371485114097595,0.00009266100823879242,"pretrain(mbnetv2,imagenet-1k)->transfer(Flower102,0.1)","train(mbnetv2,Flower102)->prune(0.8)",Flower102,l2,SAC,RandomSubsample10,test,100
0.46592769026756287,0.00009331991896033287,"pretrain(mbnetv2,imagenet-1k)->transfer(Flower102,0.1)","train(mbnetv2,Flower102)->steal(mbnetv2)",Flower102,l2,SAC,RandomSubsample10,test,100
0.3890453279018402,0.00009318091906607151,"pretrain(mbnetv2,imagenet-1k)->transfer(Flower102,0.1)","train(mbnetv2,Flower102)->steal(resnet18)",Flower102,l2,SAC,RandomSubsample10,test,100
0.4483949840068817,0.00009185099042952061,"pretrain(mbnetv2,imagenet-1k)->transfer(Flower102,0.1)","train(mbnetv2,Flower102)->distill()",Flower102,l2,SAC,RandomSubsample10,test,100
0.4018532931804657,0.0000920998863875866,"pretrain(mbnetv2,imagenet-1k)->transfer(Flower102,0.1)","train(resnet18,Flower102)",Flower102,l2,SAC,RandomSubsample10,test,100
0.4103706479072571,0.0000918868463486433,"pretrain(mbnetv2,imagenet-1k)->transfer(Flower102,0.1)","train(resnet18,Flower102)->prune(0.2)",Flower102,l2,SAC,RandomSubsample10,test,100
0.4100629687309265,0.00009250990115106106,"pretrain(mbnetv2,imagenet-1k)->transfer(Flower102,0.1)","train(resnet18,Flower102)->prune(0.5)",Flower102,l2,SAC,RandomSubsample10,test,100
0.41126129031181335,0.00009989202953875065,"pretrain(mbnetv2,imagenet-1k)->transfer(Flower102,0.1)","train(resnet18,Flower102)->prune(0.8)",Flower102,l2,SAC,RandomSubsample10,test,100
0.4667518138885498,0.00009347498416900635,"pretrain(mbnetv2,imagenet-1k)->transfer(Flower102,0.1)","train(resnet18,Flower102)->steal(mbnetv2)",Flower102,l2,SAC,RandomSubsample10,test,100
0.40402698516845703,0.00009159999899566174,"pretrain(mbnetv2,imagenet-1k)->transfer(Flower102,0.1)","train(resnet18,Flower102)->steal(resnet18)",Flower102,l2,SAC,RandomSubsample10,test,100
0.3944675922393799,0.000093081034719944,"pretrain(mbnetv2,imagenet-1k)->transfer(Flower102,0.1)","train(resnet18,Flower102)->distill()",Flower102,l2,SAC,RandomSubsample10,test,100
0.21856780350208282,0.00015148986130952835,"pretrain(mbnetv2,imagenet-1k)->transfer(Flower102,0.5)","pretrain(mbnetv2,imagenet-1k)->transfer(Flower102,0.1)",Flower102,l2,SAC,RandomSubsample10,test,100
0.15025222301483154,0.00010597193613648415,"pretrain(mbnetv2,imagenet-1k)->transfer(Flower102,0.5)","pretrain(mbnetv2,imagenet-1k)->transfer(Flower102,0.1)->prune(0.2)",Flower102,l2,SAC,RandomSubsample10,test,100
0.18298450112342834,0.0000976149458438158,"pretrain(mbnetv2,imagenet-1k)->transfer(Flower102,0.5)","pretrain(mbnetv2,imagenet-1k)->transfer(Flower102,0.1)->prune(0.5)",Flower102,l2,SAC,RandomSubsample10,test,100
0.22758227586746216,0.00009618094190955162,"pretrain(mbnetv2,imagenet-1k)->transfer(Flower102,0.5)","pretrain(mbnetv2,imagenet-1k)->transfer(Flower102,0.1)->prune(0.8)",Flower102,l2,SAC,RandomSubsample10,test,100
0.21856820583343506,0.00009454786777496338,"pretrain(mbnetv2,imagenet-1k)->transfer(Flower102,0.5)","pretrain(mbnetv2,imagenet-1k)->transfer(Flower102,0.1)->quantize(float16)",Flower102,l2,SAC,RandomSubsample10,test,100
0.21868835389614105,0.00009542005136609077,"pretrain(mbnetv2,imagenet-1k)->transfer(Flower102,0.5)","pretrain(mbnetv2,imagenet-1k)->transfer(Flower102,0.1)->quantize(qint8)",Flower102,l2,SAC,RandomSubsample10,test,100
0.24336646497249603,0.0000958130694925785,"pretrain(mbnetv2,imagenet-1k)->transfer(Flower102,0.5)","pretrain(mbnetv2,imagenet-1k)->transfer(Flower102,0.1)->steal(mbnetv2)",Flower102,l2,SAC,RandomSubsample10,test,100
0.19499671459197998,0.00010277400724589825,"pretrain(mbnetv2,imagenet-1k)->transfer(Flower102,0.5)","pretrain(mbnetv2,imagenet-1k)->transfer(Flower102,0.1)->steal(resnet18)",Flower102,l2,SAC,RandomSubsample10,test,100
0.24995693564414978,0.00009468593634665012,"pretrain(mbnetv2,imagenet-1k)->transfer(Flower102,0.5)","pretrain(mbnetv2,imagenet-1k)->transfer(Flower102,0.1)->distill()",Flower102,l2,SAC,RandomSubsample10,test,100
0.0,0.0000963900238275528,"pretrain(mbnetv2,imagenet-1k)->transfer(Flower102,0.5)","pretrain(mbnetv2,imagenet-1k)->transfer(Flower102,0.5)",Flower102,l2,SAC,RandomSubsample10,test,100
0.07091069966554642,0.00009344005957245827,"pretrain(mbnetv2,imagenet-1k)->transfer(Flower102,0.5)","pretrain(mbnetv2,imagenet-1k)->transfer(Flower102,0.5)->prune(0.2)",Flower102,l2,SAC,RandomSubsample10,test,100
0.11623309552669525,0.00009419489651918411,"pretrain(mbnetv2,imagenet-1k)->transfer(Flower102,0.5)","pretrain(mbnetv2,imagenet-1k)->transfer(Flower102,0.5)->prune(0.5)",Flower102,l2,SAC,RandomSubsample10,test,100
0.27977854013442993,0.00009467313066124916,"pretrain(mbnetv2,imagenet-1k)->transfer(Flower102,0.5)","pretrain(mbnetv2,imagenet-1k)->transfer(Flower102,0.5)->prune(0.8)",Flower102,l2,SAC,RandomSubsample10,test,100
6.782667696825229e-6,0.00009502307511866093,"pretrain(mbnetv2,imagenet-1k)->transfer(Flower102,0.5)","pretrain(mbnetv2,imagenet-1k)->transfer(Flower102,0.5)->quantize(float16)",Flower102,l2,SAC,RandomSubsample10,test,100
0.0005785473040305078,0.00009427708573639393,"pretrain(mbnetv2,imagenet-1k)->transfer(Flower102,0.5)","pretrain(mbnetv2,imagenet-1k)->transfer(Flower102,0.5)->quantize(qint8)",Flower102,l2,SAC,RandomSubsample10,test,100
0.30342796444892883,0.00009522493928670883,"pretrain(mbnetv2,imagenet-1k)->transfer(Flower102,0.5)","pretrain(mbnetv2,imagenet-1k)->transfer(Flower102,0.5)->steal(mbnetv2)",Flower102,l2,SAC,RandomSubsample10,test,100
0.2576009929180145,0.00009427289478480816,"pretrain(mbnetv2,imagenet-1k)->transfer(Flower102,0.5)","pretrain(mbnetv2,imagenet-1k)->transfer(Flower102,0.5)->steal(resnet18)",Flower102,l2,SAC,RandomSubsample10,test,100
0.25852009654045105,0.00009463890455663204,"pretrain(mbnetv2,imagenet-1k)->transfer(Flower102,0.5)","pretrain(mbnetv2,imagenet-1k)->transfer(Flower102,0.5)->distill()",Flower102,l2,SAC,RandomSubsample10,test,100
0.08670047670602798,0.00009379698894917965,"pretrain(mbnetv2,imagenet-1k)->transfer(Flower102,0.5)","pretrain(mbnetv2,imagenet-1k)->transfer(Flower102,1.0)",Flower102,l2,SAC,RandomSubsample10,test,100
0.09876358509063721,0.00009411503560841084,"pretrain(mbnetv2,imagenet-1k)->transfer(Flower102,0.5)","pretrain(mbnetv2,imagenet-1k)->transfer(Flower102,1.0)->prune(0.2)",Flower102,l2,SAC,RandomSubsample10,test,100
0.14155487716197968,0.00009413016960024834,"pretrain(mbnetv2,imagenet-1k)->transfer(Flower102,0.5)","pretrain(mbnetv2,imagenet-1k)->transfer(Flower102,1.0)->prune(0.5)",Flower102,l2,SAC,RandomSubsample10,test,100
0.27338260412216187,0.00009435787796974182,"pretrain(mbnetv2,imagenet-1k)->transfer(Flower102,0.5)","pretrain(mbnetv2,imagenet-1k)->transfer(Flower102,1.0)->prune(0.8)",Flower102,l2,SAC,RandomSubsample10,test,100
0.08669935166835785,0.00009442889131605625,"pretrain(mbnetv2,imagenet-1k)->transfer(Flower102,0.5)","pretrain(mbnetv2,imagenet-1k)->transfer(Flower102,1.0)->quantize(float16)",Flower102,l2,SAC,RandomSubsample10,test,100
0.0865928903222084,0.00009390502236783504,"pretrain(mbnetv2,imagenet-1k)->transfer(Flower102,0.5)","pretrain(mbnetv2,imagenet-1k)->transfer(Flower102,1.0)->quantize(qint8)",Flower102,l2,SAC,RandomSubsample10,test,100
0.31870874762535095,0.00009382190182805061,"pretrain(mbnetv2,imagenet-1k)->transfer(Flower102,0.5)","pretrain(mbnetv2,imagenet-1k)->transfer(Flower102,1.0)->steal(mbnetv2)",Flower102,l2,SAC,RandomSubsample10,test,100
0.26332300901412964,0.00009418511763215065,"pretrain(mbnetv2,imagenet-1k)->transfer(Flower102,0.5)","pretrain(mbnetv2,imagenet-1k)->transfer(Flower102,1.0)->steal(resnet18)",Flower102,l2,SAC,RandomSubsample10,test,100
0.27082279324531555,0.00009453203529119492,"pretrain(mbnetv2,imagenet-1k)->transfer(Flower102,0.5)","pretrain(mbnetv2,imagenet-1k)->transfer(Flower102,1.0)->distill()",Flower102,l2,SAC,RandomSubsample10,test,100
0.2436908483505249,0.00009445706382393837,"pretrain(mbnetv2,imagenet-1k)->transfer(Flower102,0.5)","pretrain(resnet18,imagenet-1k)->transfer(Flower102,0.1)",Flower102,l2,SAC,RandomSubsample10,test,100
0.1742958128452301,0.00009295390918850899,"pretrain(mbnetv2,imagenet-1k)->transfer(Flower102,0.5)","pretrain(resnet18,imagenet-1k)->transfer(Flower102,0.1)->prune(0.2)",Flower102,l2,SAC,RandomSubsample10,test,100
0.18648545444011688,0.00009495299309492111,"pretrain(mbnetv2,imagenet-1k)->transfer(Flower102,0.5)","pretrain(resnet18,imagenet-1k)->transfer(Flower102,0.1)->prune(0.5)",Flower102,l2,SAC,RandomSubsample10,test,100
0.22821877896785736,0.00009413808584213257,"pretrain(mbnetv2,imagenet-1k)->transfer(Flower102,0.5)","pretrain(resnet18,imagenet-1k)->transfer(Flower102,0.1)->prune(0.8)",Flower102,l2,SAC,RandomSubsample10,test,100
0.2436905801296234,0.00009439000859856606,"pretrain(mbnetv2,imagenet-1k)->transfer(Flower102,0.5)","pretrain(resnet18,imagenet-1k)->transfer(Flower102,0.1)->quantize(float16)",Flower102,l2,SAC,RandomSubsample10,test,100
0.24385949969291687,0.00009311316534876823,"pretrain(mbnetv2,imagenet-1k)->transfer(Flower102,0.5)","pretrain(resnet18,imagenet-1k)->transfer(Flower102,0.1)->quantize(qint8)",Flower102,l2,SAC,RandomSubsample10,test,100
0.24310794472694397,0.00009341398254036903,"pretrain(mbnetv2,imagenet-1k)->transfer(Flower102,0.5)","pretrain(resnet18,imagenet-1k)->transfer(Flower102,0.1)->steal(mbnetv2)",Flower102,l2,SAC,RandomSubsample10,test,100
0.2236212193965912,0.00009369896724820137,"pretrain(mbnetv2,imagenet-1k)->transfer(Flower102,0.5)","pretrain(resnet18,imagenet-1k)->transfer(Flower102,0.1)->steal(resnet18)",Flower102,l2,SAC,RandomSubsample10,test,100
0.2859402298927307,0.00009396905079483986,"pretrain(mbnetv2,imagenet-1k)->transfer(Flower102,0.5)","pretrain(resnet18,imagenet-1k)->transfer(Flower102,0.1)->distill()",Flower102,l2,SAC,RandomSubsample10,test,100
0.18287022411823273,0.00009546894580125809,"pretrain(mbnetv2,imagenet-1k)->transfer(Flower102,0.5)","pretrain(resnet18,imagenet-1k)->transfer(Flower102,0.5)",Flower102,l2,SAC,RandomSubsample10,test,100
0.1748010814189911,0.00009387708269059658,"pretrain(mbnetv2,imagenet-1k)->transfer(Flower102,0.5)","pretrain(resnet18,imagenet-1k)->transfer(Flower102,0.5)->prune(0.2)",Flower102,l2,SAC,RandomSubsample10,test,100
0.17252203822135925,0.00009375694207847118,"pretrain(mbnetv2,imagenet-1k)->transfer(Flower102,0.5)","pretrain(resnet18,imagenet-1k)->transfer(Flower102,0.5)->prune(0.5)",Flower102,l2,SAC,RandomSubsample10,test,100
0.1697012186050415,0.00009415298700332642,"pretrain(mbnetv2,imagenet-1k)->transfer(Flower102,0.5)","pretrain(resnet18,imagenet-1k)->transfer(Flower102,0.5)->prune(0.8)",Flower102,l2,SAC,RandomSubsample10,test,100
0.1807803511619568,0.0000942000187933445,"pretrain(mbnetv2,imagenet-1k)->transfer(Flower102,0.5)","pretrain(resnet18,imagenet-1k)->transfer(Flower102,0.5)->quantize(float16)",Flower102,l2,SAC,RandomSubsample10,test,100
0.18086741864681244,0.00009376206435263157,"pretrain(mbnetv2,imagenet-1k)->transfer(Flower102,0.5)","pretrain(resnet18,imagenet-1k)->transfer(Flower102,0.5)->quantize(qint8)",Flower102,l2,SAC,RandomSubsample10,test,100
0.32554495334625244,0.00009315204806625843,"pretrain(mbnetv2,imagenet-1k)->transfer(Flower102,0.5)","pretrain(resnet18,imagenet-1k)->transfer(Flower102,0.5)->steal(mbnetv2)",Flower102,l2,SAC,RandomSubsample10,test,100
0.2740603983402252,0.00009370595216751099,"pretrain(mbnetv2,imagenet-1k)->transfer(Flower102,0.5)","pretrain(resnet18,imagenet-1k)->transfer(Flower102,0.5)->steal(resnet18)",Flower102,l2,SAC,RandomSubsample10,test,100
0.18668672442436218,0.00009269407019019127,"pretrain(mbnetv2,imagenet-1k)->transfer(Flower102,0.5)","pretrain(resnet18,imagenet-1k)->transfer(Flower102,0.5)->distill()",Flower102,l2,SAC,RandomSubsample10,test,100
0.1872999519109726,0.00009365682490170002,"pretrain(mbnetv2,imagenet-1k)->transfer(Flower102,0.5)","pretrain(resnet18,imagenet-1k)->transfer(Flower102,1.0)",Flower102,l2,SAC,RandomSubsample10,test,100
0.157052144408226,0.00009322003461420536,"pretrain(mbnetv2,imagenet-1k)->transfer(Flower102,0.5)","pretrain(resnet18,imagenet-1k)->transfer(Flower102,1.0)->prune(0.2)",Flower102,l2,SAC,RandomSubsample10,test,100
0.16026903688907623,0.00009269407019019127,"pretrain(mbnetv2,imagenet-1k)->transfer(Flower102,0.5)","pretrain(resnet18,imagenet-1k)->transfer(Flower102,1.0)->prune(0.5)",Flower102,l2,SAC,RandomSubsample10,test,100
0.17189277708530426,0.0000933429691940546,"pretrain(mbnetv2,imagenet-1k)->transfer(Flower102,0.5)","pretrain(resnet18,imagenet-1k)->transfer(Flower102,1.0)->prune(0.8)",Flower102,l2,SAC,RandomSubsample10,test,100
0.15779000520706177,0.00009354506619274616,"pretrain(mbnetv2,imagenet-1k)->transfer(Flower102,0.5)","pretrain(resnet18,imagenet-1k)->transfer(Flower102,1.0)->quantize(float16)",Flower102,l2,SAC,RandomSubsample10,test,100
0.15779823064804077,0.00009360606782138348,"pretrain(mbnetv2,imagenet-1k)->transfer(Flower102,0.5)","pretrain(resnet18,imagenet-1k)->transfer(Flower102,1.0)->quantize(qint8)",Flower102,l2,SAC,RandomSubsample10,test,100
0.3187773823738098,0.0000931678805500269,"pretrain(mbnetv2,imagenet-1k)->transfer(Flower102,0.5)","pretrain(resnet18,imagenet-1k)->transfer(Flower102,1.0)->steal(mbnetv2)",Flower102,l2,SAC,RandomSubsample10,test,100
0.2805394232273102,0.00009359908290207386,"pretrain(mbnetv2,imagenet-1k)->transfer(Flower102,0.5)","pretrain(resnet18,imagenet-1k)->transfer(Flower102,1.0)->steal(resnet18)",Flower102,l2,SAC,RandomSubsample10,test,100
0.19123966991901398,0.00009354716166853905,"pretrain(mbnetv2,imagenet-1k)->transfer(Flower102,0.5)","pretrain(resnet18,imagenet-1k)->transfer(Flower102,1.0)->distill()",Flower102,l2,SAC,RandomSubsample10,test,100
0.35920488834381104,0.00009362795390188694,"pretrain(mbnetv2,imagenet-1k)->transfer(Flower102,0.5)","train(mbnetv2,Flower102)",Flower102,l2,SAC,RandomSubsample10,test,100
0.3641202747821808,0.00009299884550273418,"pretrain(mbnetv2,imagenet-1k)->transfer(Flower102,0.5)","train(mbnetv2,Flower102)->prune(0.2)",Flower102,l2,SAC,RandomSubsample10,test,100
0.3492773771286011,0.00009254086762666702,"pretrain(mbnetv2,imagenet-1k)->transfer(Flower102,0.5)","train(mbnetv2,Flower102)->prune(0.5)",Flower102,l2,SAC,RandomSubsample10,test,100
0.34964025020599365,0.00009325891733169556,"pretrain(mbnetv2,imagenet-1k)->transfer(Flower102,0.5)","train(mbnetv2,Flower102)->prune(0.8)",Flower102,l2,SAC,RandomSubsample10,test,100
0.3142791986465454,0.00009428197517991066,"pretrain(mbnetv2,imagenet-1k)->transfer(Flower102,0.5)","train(mbnetv2,Flower102)->steal(mbnetv2)",Flower102,l2,SAC,RandomSubsample10,test,100
0.25912854075431824,0.00009476696141064167,"pretrain(mbnetv2,imagenet-1k)->transfer(Flower102,0.5)","train(mbnetv2,Flower102)->steal(resnet18)",Flower102,l2,SAC,RandomSubsample10,test,100
0.34925416111946106,0.00009326287545263767,"pretrain(mbnetv2,imagenet-1k)->transfer(Flower102,0.5)","train(mbnetv2,Flower102)->distill()",Flower102,l2,SAC,RandomSubsample10,test,100
0.3332770764827728,0.00009253015741705894,"pretrain(mbnetv2,imagenet-1k)->transfer(Flower102,0.5)","train(resnet18,Flower102)",Flower102,l2,SAC,RandomSubsample10,test,100
0.3061123192310333,0.00009386613965034485,"pretrain(mbnetv2,imagenet-1k)->transfer(Flower102,0.5)","train(resnet18,Flower102)->prune(0.2)",Flower102,l2,SAC,RandomSubsample10,test,100
0.30487802624702454,0.00010058400221168995,"pretrain(mbnetv2,imagenet-1k)->transfer(Flower102,0.5)","train(resnet18,Flower102)->prune(0.5)",Flower102,l2,SAC,RandomSubsample10,test,100
0.301136314868927,0.00009401398710906506,"pretrain(mbnetv2,imagenet-1k)->transfer(Flower102,0.5)","train(resnet18,Flower102)->prune(0.8)",Flower102,l2,SAC,RandomSubsample10,test,100
0.32248345017433167,0.00009262305684387684,"pretrain(mbnetv2,imagenet-1k)->transfer(Flower102,0.5)","train(resnet18,Flower102)->steal(mbnetv2)",Flower102,l2,SAC,RandomSubsample10,test,100
0.27205008268356323,0.0000933909323066473,"pretrain(mbnetv2,imagenet-1k)->transfer(Flower102,0.5)","train(resnet18,Flower102)->steal(resnet18)",Flower102,l2,SAC,RandomSubsample10,test,100
0.2992284893989563,0.00009373016655445099,"pretrain(mbnetv2,imagenet-1k)->transfer(Flower102,0.5)","train(resnet18,Flower102)->distill()",Flower102,l2,SAC,RandomSubsample10,test,100
0.1546633392572403,0.0001562279649078846,"pretrain(mbnetv2,imagenet-1k)->transfer(Flower102,1.0)","pretrain(mbnetv2,imagenet-1k)->transfer(Flower102,0.1)",Flower102,l2,SAC,RandomSubsample10,test,100
0.1171252429485321,0.00010574888437986374,"pretrain(mbnetv2,imagenet-1k)->transfer(Flower102,1.0)","pretrain(mbnetv2,imagenet-1k)->transfer(Flower102,0.1)->prune(0.2)",Flower102,l2,SAC,RandomSubsample10,test,100
0.1550966054201126,0.00009794789366424084,"pretrain(mbnetv2,imagenet-1k)->transfer(Flower102,1.0)","pretrain(mbnetv2,imagenet-1k)->transfer(Flower102,0.1)->prune(0.5)",Flower102,l2,SAC,RandomSubsample10,test,100
0.2920316755771637,0.00009626895189285278,"pretrain(mbnetv2,imagenet-1k)->transfer(Flower102,1.0)","pretrain(mbnetv2,imagenet-1k)->transfer(Flower102,0.1)->prune(0.8)",Flower102,l2,SAC,RandomSubsample10,test,100
0.15466254949569702,0.00009381608106195927,"pretrain(mbnetv2,imagenet-1k)->transfer(Flower102,1.0)","pretrain(mbnetv2,imagenet-1k)->transfer(Flower102,0.1)->quantize(float16)",Flower102,l2,SAC,RandomSubsample10,test,100
0.15462596714496613,0.00009389407932758331,"pretrain(mbnetv2,imagenet-1k)->transfer(Flower102,1.0)","pretrain(mbnetv2,imagenet-1k)->transfer(Flower102,0.1)->quantize(qint8)",Flower102,l2,SAC,RandomSubsample10,test,100
0.21977010369300842,0.00010071694850921631,"pretrain(mbnetv2,imagenet-1k)->transfer(Flower102,1.0)","pretrain(mbnetv2,imagenet-1k)->transfer(Flower102,0.1)->steal(mbnetv2)",Flower102,l2,SAC,RandomSubsample10,test,100
0.2414347529411316,0.00009518512524664402,"pretrain(mbnetv2,imagenet-1k)->transfer(Flower102,1.0)","pretrain(mbnetv2,imagenet-1k)->transfer(Flower102,0.1)->steal(resnet18)",Flower102,l2,SAC,RandomSubsample10,test,100
0.24150042235851288,0.00009408500045537949,"pretrain(mbnetv2,imagenet-1k)->transfer(Flower102,1.0)","pretrain(mbnetv2,imagenet-1k)->transfer(Flower102,0.1)->distill()",Flower102,l2,SAC,RandomSubsample10,test,100
0.06152629479765892,0.00009277509525418282,"pretrain(mbnetv2,imagenet-1k)->transfer(Flower102,1.0)","pretrain(mbnetv2,imagenet-1k)->transfer(Flower102,0.5)",Flower102,l2,SAC,RandomSubsample10,test,100
0.07196121662855148,0.00009338301606476307,"pretrain(mbnetv2,imagenet-1k)->transfer(Flower102,1.0)","pretrain(mbnetv2,imagenet-1k)->transfer(Flower102,0.5)->prune(0.2)",Flower102,l2,SAC,RandomSubsample10,test,100
0.11345741897821426,0.00009315600618720055,"pretrain(mbnetv2,imagenet-1k)->transfer(Flower102,1.0)","pretrain(mbnetv2,imagenet-1k)->transfer(Flower102,0.5)->prune(0.5)",Flower102,l2,SAC,RandomSubsample10,test,100
0.30073755979537964,0.00009246310219168663,"pretrain(mbnetv2,imagenet-1k)->transfer(Flower102,1.0)","pretrain(mbnetv2,imagenet-1k)->transfer(Flower102,0.5)->prune(0.8)",Flower102,l2,SAC,RandomSubsample10,test,100
0.06152509152889252,0.00010142708197236061,"pretrain(mbnetv2,imagenet-1k)->transfer(Flower102,1.0)","pretrain(mbnetv2,imagenet-1k)->transfer(Flower102,0.5)->quantize(float16)",Flower102,l2,SAC,RandomSubsample10,test,100
0.061554305255413055,0.00009252317249774933,"pretrain(mbnetv2,imagenet-1k)->transfer(Flower102,1.0)","pretrain(mbnetv2,imagenet-1k)->transfer(Flower102,0.5)->quantize(qint8)",Flower102,l2,SAC,RandomSubsample10,test,100
0.2571420967578888,0.00009344983845949173,"pretrain(mbnetv2,imagenet-1k)->transfer(Flower102,1.0)","pretrain(mbnetv2,imagenet-1k)->transfer(Flower102,0.5)->steal(mbnetv2)",Flower102,l2,SAC,RandomSubsample10,test,100
0.2324208915233612,0.0000931411050260067,"pretrain(mbnetv2,imagenet-1k)->transfer(Flower102,1.0)","pretrain(mbnetv2,imagenet-1k)->transfer(Flower102,0.5)->steal(resnet18)",Flower102,l2,SAC,RandomSubsample10,test,100
0.24388644099235535,0.00009310594759881496,"pretrain(mbnetv2,imagenet-1k)->transfer(Flower102,1.0)","pretrain(mbnetv2,imagenet-1k)->transfer(Flower102,0.5)->distill()",Flower102,l2,SAC,RandomSubsample10,test,100
0.0,0.0000945129431784153,"pretrain(mbnetv2,imagenet-1k)->transfer(Flower102,1.0)","pretrain(mbnetv2,imagenet-1k)->transfer(Flower102,1.0)",Flower102,l2,SAC,RandomSubsample10,test,100
0.0553634837269783,0.00009272992610931396,"pretrain(mbnetv2,imagenet-1k)->transfer(Flower102,1.0)","pretrain(mbnetv2,imagenet-1k)->transfer(Flower102,1.0)->prune(0.2)",Flower102,l2,SAC,RandomSubsample10,test,100
0.11006046086549759,0.0000924849882721901,"pretrain(mbnetv2,imagenet-1k)->transfer(Flower102,1.0)","pretrain(mbnetv2,imagenet-1k)->transfer(Flower102,1.0)->prune(0.5)",Flower102,l2,SAC,RandomSubsample10,test,100
0.2908581793308258,0.00009279302321374416,"pretrain(mbnetv2,imagenet-1k)->transfer(Flower102,1.0)","pretrain(mbnetv2,imagenet-1k)->transfer(Flower102,1.0)->prune(0.8)",Flower102,l2,SAC,RandomSubsample10,test,100
5.430717919807648e-6,0.00009280210360884666,"pretrain(mbnetv2,imagenet-1k)->transfer(Flower102,1.0)","pretrain(mbnetv2,imagenet-1k)->transfer(Flower102,1.0)->quantize(float16)",Flower102,l2,SAC,RandomSubsample10,test,100
0.0006608481635339558,0.0000919741578400135,"pretrain(mbnetv2,imagenet-1k)->transfer(Flower102,1.0)","pretrain(mbnetv2,imagenet-1k)->transfer(Flower102,1.0)->quantize(qint8)",Flower102,l2,SAC,RandomSubsample10,test,100
0.25244274735450745,0.00009140511974692345,"pretrain(mbnetv2,imagenet-1k)->transfer(Flower102,1.0)","pretrain(mbnetv2,imagenet-1k)->transfer(Flower102,1.0)->steal(mbnetv2)",Flower102,l2,SAC,RandomSubsample10,test,100
0.24502374231815338,0.00009255809709429741,"pretrain(mbnetv2,imagenet-1k)->transfer(Flower102,1.0)","pretrain(mbnetv2,imagenet-1k)->transfer(Flower102,1.0)->steal(resnet18)",Flower102,l2,SAC,RandomSubsample10,test,100
0.21341940760612488,0.00008198292925953865,"pretrain(mbnetv2,imagenet-1k)->transfer(Flower102,1.0)","pretrain(mbnetv2,imagenet-1k)->transfer(Flower102,1.0)->distill()",Flower102,l2,SAC,RandomSubsample10,test,100
0.22871087491512299,0.00009409105405211449,"pretrain(mbnetv2,imagenet-1k)->transfer(Flower102,1.0)","pretrain(resnet18,imagenet-1k)->transfer(Flower102,0.1)",Flower102,l2,SAC,RandomSubsample10,test,100
0.1839142143726349,0.00009278720244765282,"pretrain(mbnetv2,imagenet-1k)->transfer(Flower102,1.0)","pretrain(resnet18,imagenet-1k)->transfer(Flower102,0.1)->prune(0.2)",Flower102,l2,SAC,RandomSubsample10,test,100
0.18844297528266907,0.00009278510697185993,"pretrain(mbnetv2,imagenet-1k)->transfer(Flower102,1.0)","pretrain(resnet18,imagenet-1k)->transfer(Flower102,0.1)->prune(0.5)",Flower102,l2,SAC,RandomSubsample10,test,100
0.20384183526039124,0.00009210198186337948,"pretrain(mbnetv2,imagenet-1k)->transfer(Flower102,1.0)","pretrain(resnet18,imagenet-1k)->transfer(Flower102,0.1)->prune(0.8)",Flower102,l2,SAC,RandomSubsample10,test,100
0.22871056199073792,0.00009263702668249607,"pretrain(mbnetv2,imagenet-1k)->transfer(Flower102,1.0)","pretrain(resnet18,imagenet-1k)->transfer(Flower102,0.1)->quantize(float16)",Flower102,l2,SAC,RandomSubsample10,test,100
0.22861745953559875,0.00009277206845581532,"pretrain(mbnetv2,imagenet-1k)->transfer(Flower102,1.0)","pretrain(resnet18,imagenet-1k)->transfer(Flower102,0.1)->quantize(qint8)",Flower102,l2,SAC,RandomSubsample10,test,100
0.23705561459064484,0.0000929820816963911,"pretrain(mbnetv2,imagenet-1k)->transfer(Flower102,1.0)","pretrain(resnet18,imagenet-1k)->transfer(Flower102,0.1)->steal(mbnetv2)",Flower102,l2,SAC,RandomSubsample10,test,100
0.25795817375183105,0.0000923709012567997,"pretrain(mbnetv2,imagenet-1k)->transfer(Flower102,1.0)","pretrain(resnet18,imagenet-1k)->transfer(Flower102,0.1)->steal(resnet18)",Flower102,l2,SAC,RandomSubsample10,test,100
0.23333461582660675,0.00009297998622059822,"pretrain(mbnetv2,imagenet-1k)->transfer(Flower102,1.0)","pretrain(resnet18,imagenet-1k)->transfer(Flower102,0.1)->distill()",Flower102,l2,SAC,RandomSubsample10,test,100
0.1988438367843628,0.00009277695789933205,"pretrain(mbnetv2,imagenet-1k)->transfer(Flower102,1.0)","pretrain(resnet18,imagenet-1k)->transfer(Flower102,0.5)",Flower102,l2,SAC,RandomSubsample10,test,100
0.1653575748205185,0.00009435904212296009,"pretrain(mbnetv2,imagenet-1k)->transfer(Flower102,1.0)","pretrain(resnet18,imagenet-1k)->transfer(Flower102,0.5)->prune(0.2)",Flower102,l2,SAC,RandomSubsample10,test,100
0.16224054992198944,0.00009201210923492908,"pretrain(mbnetv2,imagenet-1k)->transfer(Flower102,1.0)","pretrain(resnet18,imagenet-1k)->transfer(Flower102,0.5)->prune(0.5)",Flower102,l2,SAC,RandomSubsample10,test,100
0.19537246227264404,0.00009352387860417366,"pretrain(mbnetv2,imagenet-1k)->transfer(Flower102,1.0)","pretrain(resnet18,imagenet-1k)->transfer(Flower102,0.5)->prune(0.8)",Flower102,l2,SAC,RandomSubsample10,test,100
0.1651141345500946,0.00010141311213374138,"pretrain(mbnetv2,imagenet-1k)->transfer(Flower102,1.0)","pretrain(resnet18,imagenet-1k)->transfer(Flower102,0.5)->quantize(float16)",Flower102,l2,SAC,RandomSubsample10,test,100
0.16513262689113617,0.00009287800639867783,"pretrain(mbnetv2,imagenet-1k)->transfer(Flower102,1.0)","pretrain(resnet18,imagenet-1k)->transfer(Flower102,0.5)->quantize(qint8)",Flower102,l2,SAC,RandomSubsample10,test,100
0.23353420197963715,0.00009247288107872009,"pretrain(mbnetv2,imagenet-1k)->transfer(Flower102,1.0)","pretrain(resnet18,imagenet-1k)->transfer(Flower102,0.5)->steal(mbnetv2)",Flower102,l2,SAC,RandomSubsample10,test,100
0.23928207159042358,0.00009259884245693684,"pretrain(mbnetv2,imagenet-1k)->transfer(Flower102,1.0)","pretrain(resnet18,imagenet-1k)->transfer(Flower102,0.5)->steal(resnet18)",Flower102,l2,SAC,RandomSubsample10,test,100
0.1584715098142624,0.00009299418888986111,"pretrain(mbnetv2,imagenet-1k)->transfer(Flower102,1.0)","pretrain(resnet18,imagenet-1k)->transfer(Flower102,0.5)->distill()",Flower102,l2,SAC,RandomSubsample10,test,100
0.2005859911441803,0.00009320001117885113,"pretrain(mbnetv2,imagenet-1k)->transfer(Flower102,1.0)","pretrain(resnet18,imagenet-1k)->transfer(Flower102,1.0)",Flower102,l2,SAC,RandomSubsample10,test,100
0.16675683856010437,0.0000924849882721901,"pretrain(mbnetv2,imagenet-1k)->transfer(Flower102,1.0)","pretrain(resnet18,imagenet-1k)->transfer(Flower102,1.0)->prune(0.2)",Flower102,l2,SAC,RandomSubsample10,test,100
0.1661718189716339,0.00010070414282381535,"pretrain(mbnetv2,imagenet-1k)->transfer(Flower102,1.0)","pretrain(resnet18,imagenet-1k)->transfer(Flower102,1.0)->prune(0.5)",Flower102,l2,SAC,RandomSubsample10,test,100
0.18680506944656372,0.00010379310697317123,"pretrain(mbnetv2,imagenet-1k)->transfer(Flower102,1.0)","pretrain(resnet18,imagenet-1k)->transfer(Flower102,1.0)->prune(0.8)",Flower102,l2,SAC,RandomSubsample10,test,100
0.16567857563495636,0.00009247707203030586,"pretrain(mbnetv2,imagenet-1k)->transfer(Flower102,1.0)","pretrain(resnet18,imagenet-1k)->transfer(Flower102,1.0)->quantize(float16)",Flower102,l2,SAC,RandomSubsample10,test,100
0.1657770723104477,0.00009278417564928532,"pretrain(mbnetv2,imagenet-1k)->transfer(Flower102,1.0)","pretrain(resnet18,imagenet-1k)->transfer(Flower102,1.0)->quantize(qint8)",Flower102,l2,SAC,RandomSubsample10,test,100
0.26925283670425415,0.00009259814396500587,"pretrain(mbnetv2,imagenet-1k)->transfer(Flower102,1.0)","pretrain(resnet18,imagenet-1k)->transfer(Flower102,1.0)->steal(mbnetv2)",Flower102,l2,SAC,RandomSubsample10,test,100
0.24670951068401337,0.00009190407581627369,"pretrain(mbnetv2,imagenet-1k)->transfer(Flower102,1.0)","pretrain(resnet18,imagenet-1k)->transfer(Flower102,1.0)->steal(resnet18)",Flower102,l2,SAC,RandomSubsample10,test,100
0.17323730885982513,0.00009265309199690819,"pretrain(mbnetv2,imagenet-1k)->transfer(Flower102,1.0)","pretrain(resnet18,imagenet-1k)->transfer(Flower102,1.0)->distill()",Flower102,l2,SAC,RandomSubsample10,test,100
0.30264508724212646,0.00009266496635973454,"pretrain(mbnetv2,imagenet-1k)->transfer(Flower102,1.0)","train(mbnetv2,Flower102)",Flower102,l2,SAC,RandomSubsample10,test,100
0.30435365438461304,0.00009215599857270718,"pretrain(mbnetv2,imagenet-1k)->transfer(Flower102,1.0)","train(mbnetv2,Flower102)->prune(0.2)",Flower102,l2,SAC,RandomSubsample10,test,100
0.31097298860549927,0.00010112696327269077,"pretrain(mbnetv2,imagenet-1k)->transfer(Flower102,1.0)","train(mbnetv2,Flower102)->prune(0.5)",Flower102,l2,SAC,RandomSubsample10,test,100
0.3121674656867981,0.00009257299825549126,"pretrain(mbnetv2,imagenet-1k)->transfer(Flower102,1.0)","train(mbnetv2,Flower102)->prune(0.8)",Flower102,l2,SAC,RandomSubsample10,test,100
0.29446250200271606,0.0000933429691940546,"pretrain(mbnetv2,imagenet-1k)->transfer(Flower102,1.0)","train(mbnetv2,Flower102)->steal(mbnetv2)",Flower102,l2,SAC,RandomSubsample10,test,100
0.31204620003700256,0.00009287195280194283,"pretrain(mbnetv2,imagenet-1k)->transfer(Flower102,1.0)","train(mbnetv2,Flower102)->steal(resnet18)",Flower102,l2,SAC,RandomSubsample10,test,100
0.3012276291847229,0.00009242515079677105,"pretrain(mbnetv2,imagenet-1k)->transfer(Flower102,1.0)","train(mbnetv2,Flower102)->distill()",Flower102,l2,SAC,RandomSubsample10,test,100
0.2876538634300232,0.00009294389747083187,"pretrain(mbnetv2,imagenet-1k)->transfer(Flower102,1.0)","train(resnet18,Flower102)",Flower102,l2,SAC,RandomSubsample10,test,100
0.26705265045166016,0.00009334413334727287,"pretrain(mbnetv2,imagenet-1k)->transfer(Flower102,1.0)","train(resnet18,Flower102)->prune(0.2)",Flower102,l2,SAC,RandomSubsample10,test,100
0.26946794986724854,0.000092705013230443,"pretrain(mbnetv2,imagenet-1k)->transfer(Flower102,1.0)","train(resnet18,Flower102)->prune(0.5)",Flower102,l2,SAC,RandomSubsample10,test,100
0.26946398615837097,0.0000922149047255516,"pretrain(mbnetv2,imagenet-1k)->transfer(Flower102,1.0)","train(resnet18,Flower102)->prune(0.8)",Flower102,l2,SAC,RandomSubsample10,test,100
0.29622799158096313,0.00009823706932365894,"pretrain(mbnetv2,imagenet-1k)->transfer(Flower102,1.0)","train(resnet18,Flower102)->steal(mbnetv2)",Flower102,l2,SAC,RandomSubsample10,test,100
0.2775587737560272,0.00010192091576755047,"pretrain(mbnetv2,imagenet-1k)->transfer(Flower102,1.0)","train(resnet18,Flower102)->steal(resnet18)",Flower102,l2,SAC,RandomSubsample10,test,100
0.2792469561100006,0.00010001217015087605,"pretrain(mbnetv2,imagenet-1k)->transfer(Flower102,1.0)","train(resnet18,Flower102)->distill()",Flower102,l2,SAC,RandomSubsample10,test,100
0.1453014314174652,0.00015130918473005295,"pretrain(resnet18,imagenet-1k)->transfer(Flower102,0.1)","pretrain(mbnetv2,imagenet-1k)->transfer(Flower102,0.1)",Flower102,l2,SAC,RandomSubsample10,test,100
0.19571009278297424,0.00011532497592270374,"pretrain(resnet18,imagenet-1k)->transfer(Flower102,0.1)","pretrain(mbnetv2,imagenet-1k)->transfer(Flower102,0.1)->prune(0.2)",Flower102,l2,SAC,RandomSubsample10,test,100
0.1941012740135193,0.0000966130755841732,"pretrain(resnet18,imagenet-1k)->transfer(Flower102,0.1)","pretrain(mbnetv2,imagenet-1k)->transfer(Flower102,0.1)->prune(0.5)",Flower102,l2,SAC,RandomSubsample10,test,100
0.33731698989868164,0.00009562796913087368,"pretrain(resnet18,imagenet-1k)->transfer(Flower102,0.1)","pretrain(mbnetv2,imagenet-1k)->transfer(Flower102,0.1)->prune(0.8)",Flower102,l2,SAC,RandomSubsample10,test,100
0.14530296623706818,0.00009471597149968147,"pretrain(resnet18,imagenet-1k)->transfer(Flower102,0.1)","pretrain(mbnetv2,imagenet-1k)->transfer(Flower102,0.1)->quantize(float16)",Flower102,l2,SAC,RandomSubsample10,test,100
0.14536549150943756,0.00009475718252360821,"pretrain(resnet18,imagenet-1k)->transfer(Flower102,0.1)","pretrain(mbnetv2,imagenet-1k)->transfer(Flower102,0.1)->quantize(qint8)",Flower102,l2,SAC,RandomSubsample10,test,100
0.39463096857070923,0.00009304704144597054,"pretrain(resnet18,imagenet-1k)->transfer(Flower102,0.1)","pretrain(mbnetv2,imagenet-1k)->transfer(Flower102,0.1)->steal(mbnetv2)",Flower102,l2,SAC,RandomSubsample10,test,100
0.2656526267528534,0.0000934419222176075,"pretrain(resnet18,imagenet-1k)->transfer(Flower102,0.1)","pretrain(mbnetv2,imagenet-1k)->transfer(Flower102,0.1)->steal(resnet18)",Flower102,l2,SAC,RandomSubsample10,test,100
0.375284343957901,0.00009539606980979443,"pretrain(resnet18,imagenet-1k)->transfer(Flower102,0.1)","pretrain(mbnetv2,imagenet-1k)->transfer(Flower102,0.1)->distill()",Flower102,l2,SAC,RandomSubsample10,test,100
0.24908015131950378,0.00009415298700332642,"pretrain(resnet18,imagenet-1k)->transfer(Flower102,0.1)","pretrain(mbnetv2,imagenet-1k)->transfer(Flower102,0.5)",Flower102,l2,SAC,RandomSubsample10,test,100
0.27042052149772644,0.00009863590821623802,"pretrain(resnet18,imagenet-1k)->transfer(Flower102,0.1)","pretrain(mbnetv2,imagenet-1k)->transfer(Flower102,0.5)->prune(0.2)",Flower102,l2,SAC,RandomSubsample10,test,100
0.25953415036201477,0.0000929608941078186,"pretrain(resnet18,imagenet-1k)->transfer(Flower102,0.1)","pretrain(mbnetv2,imagenet-1k)->transfer(Flower102,0.5)->prune(0.5)",Flower102,l2,SAC,RandomSubsample10,test,100
0.30618515610694885,0.0000935620628297329,"pretrain(resnet18,imagenet-1k)->transfer(Flower102,0.1)","pretrain(mbnetv2,imagenet-1k)->transfer(Flower102,0.5)->prune(0.8)",Flower102,l2,SAC,RandomSubsample10,test,100
0.24907805025577545,0.00009280187077820301,"pretrain(resnet18,imagenet-1k)->transfer(Flower102,0.1)","pretrain(mbnetv2,imagenet-1k)->transfer(Flower102,0.5)->quantize(float16)",Flower102,l2,SAC,RandomSubsample10,test,100
0.2491891086101532,0.00009336997754871845,"pretrain(resnet18,imagenet-1k)->transfer(Flower102,0.1)","pretrain(mbnetv2,imagenet-1k)->transfer(Flower102,0.5)->quantize(qint8)",Flower102,l2,SAC,RandomSubsample10,test,100
0.44589677453041077,0.00009293993934988976,"pretrain(resnet18,imagenet-1k)->transfer(Flower102,0.1)","pretrain(mbnetv2,imagenet-1k)->transfer(Flower102,0.5)->steal(mbnetv2)",Flower102,l2,SAC,RandomSubsample10,test,100
0.35210978984832764,0.00009256298653781414,"pretrain(resnet18,imagenet-1k)->transfer(Flower102,0.1)","pretrain(mbnetv2,imagenet-1k)->transfer(Flower102,0.5)->steal(resnet18)",Flower102,l2,SAC,RandomSubsample10,test,100
0.3387165665626526,0.00009280908852815628,"pretrain(resnet18,imagenet-1k)->transfer(Flower102,0.1)","pretrain(mbnetv2,imagenet-1k)->transfer(Flower102,0.5)->distill()",Flower102,l2,SAC,RandomSubsample10,test,100
0.24187703430652618,0.00009344611316919327,"pretrain(resnet18,imagenet-1k)->transfer(Flower102,0.1)","pretrain(mbnetv2,imagenet-1k)->transfer(Flower102,1.0)",Flower102,l2,SAC,RandomSubsample10,test,100
0.2613952159881592,0.00009426404722034931,"pretrain(resnet18,imagenet-1k)->transfer(Flower102,0.1)","pretrain(mbnetv2,imagenet-1k)->transfer(Flower102,1.0)->prune(0.2)",Flower102,l2,SAC,RandomSubsample10,test,100
0.24482516944408417,0.00009299698285758495,"pretrain(resnet18,imagenet-1k)->transfer(Flower102,0.1)","pretrain(mbnetv2,imagenet-1k)->transfer(Flower102,1.0)->prune(0.5)",Flower102,l2,SAC,RandomSubsample10,test,100
0.30284008383750916,0.00009322306141257286,"pretrain(resnet18,imagenet-1k)->transfer(Flower102,0.1)","pretrain(mbnetv2,imagenet-1k)->transfer(Flower102,1.0)->prune(0.8)",Flower102,l2,SAC,RandomSubsample10,test,100
0.2418777048587799,0.00009368080645799637,"pretrain(resnet18,imagenet-1k)->transfer(Flower102,0.1)","pretrain(mbnetv2,imagenet-1k)->transfer(Flower102,1.0)->quantize(float16)",Flower102,l2,SAC,RandomSubsample10,test,100
0.24197907745838165,0.00009332597255706787,"pretrain(resnet18,imagenet-1k)->transfer(Flower102,0.1)","pretrain(mbnetv2,imagenet-1k)->transfer(Flower102,1.0)->quantize(qint8)",Flower102,l2,SAC,RandomSubsample10,test,100
0.4375334680080414,0.00009252503514289856,"pretrain(resnet18,imagenet-1k)->transfer(Flower102,0.1)","pretrain(mbnetv2,imagenet-1k)->transfer(Flower102,1.0)->steal(mbnetv2)",Flower102,l2,SAC,RandomSubsample10,test,100
0.33413946628570557,0.00009198393672704697,"pretrain(resnet18,imagenet-1k)->transfer(Flower102,0.1)","pretrain(mbnetv2,imagenet-1k)->transfer(Flower102,1.0)->steal(resnet18)",Flower102,l2,SAC,RandomSubsample10,test,100
0.3312908411026001,0.00010061799548566341,"pretrain(resnet18,imagenet-1k)->transfer(Flower102,0.1)","pretrain(mbnetv2,imagenet-1k)->transfer(Flower102,1.0)->distill()",Flower102,l2,SAC,RandomSubsample10,test,100
0.0,0.00009439093992114067,"pretrain(resnet18,imagenet-1k)->transfer(Flower102,0.1)","pretrain(resnet18,imagenet-1k)->transfer(Flower102,0.1)",Flower102,l2,SAC,RandomSubsample10,test,100
0.15946689248085022,0.00009314785711467266,"pretrain(resnet18,imagenet-1k)->transfer(Flower102,0.1)","pretrain(resnet18,imagenet-1k)->transfer(Flower102,0.1)->prune(0.2)",Flower102,l2,SAC,RandomSubsample10,test,100
0.15270479023456573,0.00009268103167414665,"pretrain(resnet18,imagenet-1k)->transfer(Flower102,0.1)","pretrain(resnet18,imagenet-1k)->transfer(Flower102,0.1)->prune(0.5)",Flower102,l2,SAC,RandomSubsample10,test,100
0.1671982705593109,0.00009195692837238312,"pretrain(resnet18,imagenet-1k)->transfer(Flower102,0.1)","pretrain(resnet18,imagenet-1k)->transfer(Flower102,0.1)->prune(0.8)",Flower102,l2,SAC,RandomSubsample10,test,100
0.000010186211511609145,0.00009195692837238312,"pretrain(resnet18,imagenet-1k)->transfer(Flower102,0.1)","pretrain(resnet18,imagenet-1k)->transfer(Flower102,0.1)->quantize(float16)",Flower102,l2,SAC,RandomSubsample10,test,100
0.0012665524845942855,0.00009225099347531796,"pretrain(resnet18,imagenet-1k)->transfer(Flower102,0.1)","pretrain(resnet18,imagenet-1k)->transfer(Flower102,0.1)->quantize(qint8)",Flower102,l2,SAC,RandomSubsample10,test,100
0.37593308091163635,0.00009294599294662476,"pretrain(resnet18,imagenet-1k)->transfer(Flower102,0.1)","pretrain(resnet18,imagenet-1k)->transfer(Flower102,0.1)->steal(mbnetv2)",Flower102,l2,SAC,RandomSubsample10,test,100
0.2795467674732208,0.0000926540233194828,"pretrain(resnet18,imagenet-1k)->transfer(Flower102,0.1)","pretrain(resnet18,imagenet-1k)->transfer(Flower102,0.1)->steal(resnet18)",Flower102,l2,SAC,RandomSubsample10,test,100
0.13555046916007996,0.00009400397539138794,"pretrain(resnet18,imagenet-1k)->transfer(Flower102,0.1)","pretrain(resnet18,imagenet-1k)->transfer(Flower102,0.1)->distill()",Flower102,l2,SAC,RandomSubsample10,test,100
0.20211510360240936,0.00009229592978954315,"pretrain(resnet18,imagenet-1k)->transfer(Flower102,0.1)","pretrain(resnet18,imagenet-1k)->transfer(Flower102,0.5)",Flower102,l2,SAC,RandomSubsample10,test,100
0.2322387546300888,0.00009256391786038876,"pretrain(resnet18,imagenet-1k)->transfer(Flower102,0.1)","pretrain(resnet18,imagenet-1k)->transfer(Flower102,0.5)->prune(0.2)",Flower102,l2,SAC,RandomSubsample10,test,100
0.2161320000886917,0.00009329291060566902,"pretrain(resnet18,imagenet-1k)->transfer(Flower102,0.1)","pretrain(resnet18,imagenet-1k)->transfer(Flower102,0.5)->prune(0.5)",Flower102,l2,SAC,RandomSubsample10,test,100
0.19872133433818817,0.00009234598837792873,"pretrain(resnet18,imagenet-1k)->transfer(Flower102,0.1)","pretrain(resnet18,imagenet-1k)->transfer(Flower102,0.5)->prune(0.8)",Flower102,l2,SAC,RandomSubsample10,test,100
0.20873744785785675,0.00009260396473109722,"pretrain(resnet18,imagenet-1k)->transfer(Flower102,0.1)","pretrain(resnet18,imagenet-1k)->transfer(Flower102,0.5)->quantize(float16)",Flower102,l2,SAC,RandomSubsample10,test,100
0.20888668298721313,0.00009310594759881496,"pretrain(resnet18,imagenet-1k)->transfer(Flower102,0.1)","pretrain(resnet18,imagenet-1k)->transfer(Flower102,0.5)->quantize(qint8)",Flower102,l2,SAC,RandomSubsample10,test,100
0.40743908286094666,0.0000932798720896244,"pretrain(resnet18,imagenet-1k)->transfer(Flower102,0.1)","pretrain(resnet18,imagenet-1k)->transfer(Flower102,0.5)->steal(mbnetv2)",Flower102,l2,SAC,RandomSubsample10,test,100
0.33280137181282043,0.00009258696809411049,"pretrain(resnet18,imagenet-1k)->transfer(Flower102,0.1)","pretrain(resnet18,imagenet-1k)->transfer(Flower102,0.5)->steal(resnet18)",Flower102,l2,SAC,RandomSubsample10,test,100
0.18957632780075073,0.00009376904927194118,"pretrain(resnet18,imagenet-1k)->transfer(Flower102,0.1)","pretrain(resnet18,imagenet-1k)->transfer(Flower102,0.5)->distill()",Flower102,l2,SAC,RandomSubsample10,test,100
0.2304503321647644,0.0000926090870052576,"pretrain(resnet18,imagenet-1k)->transfer(Flower102,0.1)","pretrain(resnet18,imagenet-1k)->transfer(Flower102,1.0)",Flower102,l2,SAC,RandomSubsample10,test,100
0.22822920978069305,0.00009345891885459423,"pretrain(resnet18,imagenet-1k)->transfer(Flower102,0.1)","pretrain(resnet18,imagenet-1k)->transfer(Flower102,1.0)->prune(0.2)",Flower102,l2,SAC,RandomSubsample10,test,100
0.21471582353115082,0.00009286007843911648,"pretrain(resnet18,imagenet-1k)->transfer(Flower102,0.1)","pretrain(resnet18,imagenet-1k)->transfer(Flower102,1.0)->prune(0.5)",Flower102,l2,SAC,RandomSubsample10,test,100
0.2008478194475174,0.00009204819798469543,"pretrain(resnet18,imagenet-1k)->transfer(Flower102,0.1)","pretrain(resnet18,imagenet-1k)->transfer(Flower102,1.0)->prune(0.8)",Flower102,l2,SAC,RandomSubsample10,test,100
0.21470767259597778,0.00009231199510395527,"pretrain(resnet18,imagenet-1k)->transfer(Flower102,0.1)","pretrain(resnet18,imagenet-1k)->transfer(Flower102,1.0)->quantize(float16)",Flower102,l2,SAC,RandomSubsample10,test,100
0.21452881395816803,0.00009297695942223072,"pretrain(resnet18,imagenet-1k)->transfer(Flower102,0.1)","pretrain(resnet18,imagenet-1k)->transfer(Flower102,1.0)->quantize(qint8)",Flower102,l2,SAC,RandomSubsample10,test,100
0.4225802421569824,0.00009329593740403652,"pretrain(resnet18,imagenet-1k)->transfer(Flower102,0.1)","pretrain(resnet18,imagenet-1k)->transfer(Flower102,1.0)->steal(mbnetv2)",Flower102,l2,SAC,RandomSubsample10,test,100
0.3116609752178192,0.00009283889085054398,"pretrain(resnet18,imagenet-1k)->transfer(Flower102,0.1)","pretrain(resnet18,imagenet-1k)->transfer(Flower102,1.0)->steal(resnet18)",Flower102,l2,SAC,RandomSubsample10,test,100
0.1972283273935318,0.00009253108873963356,"pretrain(resnet18,imagenet-1k)->transfer(Flower102,0.1)","pretrain(resnet18,imagenet-1k)->transfer(Flower102,1.0)->distill()",Flower102,l2,SAC,RandomSubsample10,test,100
0.4424969255924225,0.00009237788617610931,"pretrain(resnet18,imagenet-1k)->transfer(Flower102,0.1)","train(mbnetv2,Flower102)",Flower102,l2,SAC,RandomSubsample10,test,100
0.4489518105983734,0.00009269407019019127,"pretrain(resnet18,imagenet-1k)->transfer(Flower102,0.1)","train(mbnetv2,Flower102)->prune(0.2)",Flower102,l2,SAC,RandomSubsample10,test,100
0.44045642018318176,0.0000931799877434969,"pretrain(resnet18,imagenet-1k)->transfer(Flower102,0.1)","train(mbnetv2,Flower102)->prune(0.5)",Flower102,l2,SAC,RandomSubsample10,test,100
0.45490604639053345,0.00009277020581066608,"pretrain(resnet18,imagenet-1k)->transfer(Flower102,0.1)","train(mbnetv2,Flower102)->prune(0.8)",Flower102,l2,SAC,RandomSubsample10,test,100
0.4309166669845581,0.00009301095269620419,"pretrain(resnet18,imagenet-1k)->transfer(Flower102,0.1)","train(mbnetv2,Flower102)->steal(mbnetv2)",Flower102,l2,SAC,RandomSubsample10,test,100
0.37372061610221863,0.00009321002289652824,"pretrain(resnet18,imagenet-1k)->transfer(Flower102,0.1)","train(mbnetv2,Flower102)->steal(resnet18)",Flower102,l2,SAC,RandomSubsample10,test,100
0.44805559515953064,0.0000930391252040863,"pretrain(resnet18,imagenet-1k)->transfer(Flower102,0.1)","train(mbnetv2,Flower102)->distill()",Flower102,l2,SAC,RandomSubsample10,test,100
0.3868243098258972,0.00009308499284088612,"pretrain(resnet18,imagenet-1k)->transfer(Flower102,0.1)","train(resnet18,Flower102)",Flower102,l2,SAC,RandomSubsample10,test,100
0.3777027726173401,0.00009317300282418728,"pretrain(resnet18,imagenet-1k)->transfer(Flower102,0.1)","train(resnet18,Flower102)->prune(0.2)",Flower102,l2,SAC,RandomSubsample10,test,100
0.37833479046821594,0.00009952997788786888,"pretrain(resnet18,imagenet-1k)->transfer(Flower102,0.1)","train(resnet18,Flower102)->prune(0.5)",Flower102,l2,SAC,RandomSubsample10,test,100
0.36187106370925903,0.00009314599446952343,"pretrain(resnet18,imagenet-1k)->transfer(Flower102,0.1)","train(resnet18,Flower102)->prune(0.8)",Flower102,l2,SAC,RandomSubsample10,test,100
0.4373941123485565,0.00009346404112875462,"pretrain(resnet18,imagenet-1k)->transfer(Flower102,0.1)","train(resnet18,Flower102)->steal(mbnetv2)",Flower102,l2,SAC,RandomSubsample10,test,100
0.35933032631874084,0.0000922870822250843,"pretrain(resnet18,imagenet-1k)->transfer(Flower102,0.1)","train(resnet18,Flower102)->steal(resnet18)",Flower102,l2,SAC,RandomSubsample10,test,100
0.3814249634742737,0.00009210687130689621,"pretrain(resnet18,imagenet-1k)->transfer(Flower102,0.1)","train(resnet18,Flower102)->distill()",Flower102,l2,SAC,RandomSubsample10,test,100
0.1886577308177948,0.00015252898447215557,"pretrain(resnet18,imagenet-1k)->transfer(Flower102,0.5)","pretrain(mbnetv2,imagenet-1k)->transfer(Flower102,0.1)",Flower102,l2,SAC,RandomSubsample10,test,100
0.1822299063205719,0.00010710814967751503,"pretrain(resnet18,imagenet-1k)->transfer(Flower102,0.5)","pretrain(mbnetv2,imagenet-1k)->transfer(Flower102,0.1)->prune(0.2)",Flower102,l2,SAC,RandomSubsample10,test,100
0.19469282031059265,0.00009844917804002762,"pretrain(resnet18,imagenet-1k)->transfer(Flower102,0.5)","pretrain(mbnetv2,imagenet-1k)->transfer(Flower102,0.1)->prune(0.5)",Flower102,l2,SAC,RandomSubsample10,test,100
0.2989102900028229,0.0000953851267695427,"pretrain(resnet18,imagenet-1k)->transfer(Flower102,0.5)","pretrain(mbnetv2,imagenet-1k)->transfer(Flower102,0.1)->prune(0.8)",Flower102,l2,SAC,RandomSubsample10,test,100
0.1886584758758545,0.00010641687549650669,"pretrain(resnet18,imagenet-1k)->transfer(Flower102,0.5)","pretrain(mbnetv2,imagenet-1k)->transfer(Flower102,0.1)->quantize(float16)",Flower102,l2,SAC,RandomSubsample10,test,100
0.18870164453983307,0.00009382283315062523,"pretrain(resnet18,imagenet-1k)->transfer(Flower102,0.5)","pretrain(mbnetv2,imagenet-1k)->transfer(Flower102,0.1)->quantize(qint8)",Flower102,l2,SAC,RandomSubsample10,test,100
0.25680699944496155,0.00009341910481452942,"pretrain(resnet18,imagenet-1k)->transfer(Flower102,0.5)","pretrain(mbnetv2,imagenet-1k)->transfer(Flower102,0.1)->steal(mbnetv2)",Flower102,l2,SAC,RandomSubsample10,test,100
0.22814908623695374,0.00009440095163881779,"pretrain(resnet18,imagenet-1k)->transfer(Flower102,0.5)","pretrain(mbnetv2,imagenet-1k)->transfer(Flower102,0.1)->steal(resnet18)",Flower102,l2,SAC,RandomSubsample10,test,100
0.29024508595466614,0.00009365519508719444,"pretrain(resnet18,imagenet-1k)->transfer(Flower102,0.5)","pretrain(mbnetv2,imagenet-1k)->transfer(Flower102,0.1)->distill()",Flower102,l2,SAC,RandomSubsample10,test,100
0.18704110383987427,0.00009426800534129143,"pretrain(resnet18,imagenet-1k)->transfer(Flower102,0.5)","pretrain(mbnetv2,imagenet-1k)->transfer(Flower102,0.5)",Flower102,l2,SAC,RandomSubsample10,test,100
0.19983512163162231,0.00009463285095989704,"pretrain(resnet18,imagenet-1k)->transfer(Flower102,0.5)","pretrain(mbnetv2,imagenet-1k)->transfer(Flower102,0.5)->prune(0.2)",Flower102,l2,SAC,RandomSubsample10,test,100
0.20345288515090942,0.0000948319211602211,"pretrain(resnet18,imagenet-1k)->transfer(Flower102,0.5)","pretrain(mbnetv2,imagenet-1k)->transfer(Flower102,0.5)->prune(0.5)",Flower102,l2,SAC,RandomSubsample10,test,100
0.3008824288845062,0.00009312783367931843,"pretrain(resnet18,imagenet-1k)->transfer(Flower102,0.5)","pretrain(mbnetv2,imagenet-1k)->transfer(Flower102,0.5)->prune(0.8)",Flower102,l2,SAC,RandomSubsample10,test,100
0.18703891336917877,0.00009260186925530434,"pretrain(resnet18,imagenet-1k)->transfer(Flower102,0.5)","pretrain(mbnetv2,imagenet-1k)->transfer(Flower102,0.5)->quantize(float16)",Flower102,l2,SAC,RandomSubsample10,test,100
0.18701502680778503,0.00010049901902675629,"pretrain(resnet18,imagenet-1k)->transfer(Flower102,0.5)","pretrain(mbnetv2,imagenet-1k)->transfer(Flower102,0.5)->quantize(qint8)",Flower102,l2,SAC,RandomSubsample10,test,100
0.33524972200393677,0.00009290501475334167,"pretrain(resnet18,imagenet-1k)->transfer(Flower102,0.5)","pretrain(mbnetv2,imagenet-1k)->transfer(Flower102,0.5)->steal(mbnetv2)",Flower102,l2,SAC,RandomSubsample10,test,100
0.2663867473602295,0.0000933520495891571,"pretrain(resnet18,imagenet-1k)->transfer(Flower102,0.5)","pretrain(mbnetv2,imagenet-1k)->transfer(Flower102,0.5)->steal(resnet18)",Flower102,l2,SAC,RandomSubsample10,test,100
0.26025325059890747,0.00009258300997316837,"pretrain(resnet18,imagenet-1k)->transfer(Flower102,0.5)","pretrain(mbnetv2,imagenet-1k)->transfer(Flower102,0.5)->distill()",Flower102,l2,SAC,RandomSubsample10,test,100
0.18290121853351593,0.0000922239851206541,"pretrain(resnet18,imagenet-1k)->transfer(Flower102,0.5)","pretrain(mbnetv2,imagenet-1k)->transfer(Flower102,1.0)",Flower102,l2,SAC,RandomSubsample10,test,100
0.19635169208049774,0.00009213690645992756,"pretrain(resnet18,imagenet-1k)->transfer(Flower102,0.5)","pretrain(mbnetv2,imagenet-1k)->transfer(Flower102,1.0)->prune(0.2)",Flower102,l2,SAC,RandomSubsample10,test,100
0.20496372878551483,0.00009285891428589821,"pretrain(resnet18,imagenet-1k)->transfer(Flower102,0.5)","pretrain(mbnetv2,imagenet-1k)->transfer(Flower102,1.0)->prune(0.5)",Flower102,l2,SAC,RandomSubsample10,test,100
0.2870745062828064,0.00009296182543039322,"pretrain(resnet18,imagenet-1k)->transfer(Flower102,0.5)","pretrain(mbnetv2,imagenet-1k)->transfer(Flower102,1.0)->prune(0.8)",Flower102,l2,SAC,RandomSubsample10,test,100
0.18290166556835175,0.00009289802983403206,"pretrain(resnet18,imagenet-1k)->transfer(Flower102,0.5)","pretrain(mbnetv2,imagenet-1k)->transfer(Flower102,1.0)->quantize(float16)",Flower102,l2,SAC,RandomSubsample10,test,100
0.18293310701847076,0.00009265611879527569,"pretrain(resnet18,imagenet-1k)->transfer(Flower102,0.5)","pretrain(mbnetv2,imagenet-1k)->transfer(Flower102,1.0)->quantize(qint8)",Flower102,l2,SAC,RandomSubsample10,test,100
0.326561838388443,0.00009286310523748398,"pretrain(resnet18,imagenet-1k)->transfer(Flower102,0.5)","pretrain(mbnetv2,imagenet-1k)->transfer(Flower102,1.0)->steal(mbnetv2)",Flower102,l2,SAC,RandomSubsample10,test,100
0.26025423407554626,0.00009296112693846226,"pretrain(resnet18,imagenet-1k)->transfer(Flower102,0.5)","pretrain(mbnetv2,imagenet-1k)->transfer(Flower102,1.0)->steal(resnet18)",Flower102,l2,SAC,RandomSubsample10,test,100
0.24790500104427338,0.00009267707355320454,"pretrain(resnet18,imagenet-1k)->transfer(Flower102,0.5)","pretrain(mbnetv2,imagenet-1k)->transfer(Flower102,1.0)->distill()",Flower102,l2,SAC,RandomSubsample10,test,100
0.19100479781627655,0.00009315810166299343,"pretrain(resnet18,imagenet-1k)->transfer(Flower102,0.5)","pretrain(resnet18,imagenet-1k)->transfer(Flower102,0.1)",Flower102,l2,SAC,RandomSubsample10,test,100
0.1447829306125641,0.00009293318726122379,"pretrain(resnet18,imagenet-1k)->transfer(Flower102,0.5)","pretrain(resnet18,imagenet-1k)->transfer(Flower102,0.1)->prune(0.2)",Flower102,l2,SAC,RandomSubsample10,test,100
0.1574331372976303,0.0000932491384446621,"pretrain(resnet18,imagenet-1k)->transfer(Flower102,0.5)","pretrain(resnet18,imagenet-1k)->transfer(Flower102,0.1)->prune(0.5)",Flower102,l2,SAC,RandomSubsample10,test,100
0.2107999473810196,0.00010081403888761997,"pretrain(resnet18,imagenet-1k)->transfer(Flower102,0.5)","pretrain(resnet18,imagenet-1k)->transfer(Flower102,0.1)->prune(0.8)",Flower102,l2,SAC,RandomSubsample10,test,100
0.19100269675254822,0.00009303796105086803,"pretrain(resnet18,imagenet-1k)->transfer(Flower102,0.5)","pretrain(resnet18,imagenet-1k)->transfer(Flower102,0.1)->quantize(float16)",Flower102,l2,SAC,RandomSubsample10,test,100
0.1910756677389145,0.00009251502342522144,"pretrain(resnet18,imagenet-1k)->transfer(Flower102,0.5)","pretrain(resnet18,imagenet-1k)->transfer(Flower102,0.1)->quantize(qint8)",Flower102,l2,SAC,RandomSubsample10,test,100
0.2454260140657425,0.00009304704144597054,"pretrain(resnet18,imagenet-1k)->transfer(Flower102,0.5)","pretrain(resnet18,imagenet-1k)->transfer(Flower102,0.1)->steal(mbnetv2)",Flower102,l2,SAC,RandomSubsample10,test,100
0.23108604550361633,0.00009985803626477718,"pretrain(resnet18,imagenet-1k)->transfer(Flower102,0.5)","pretrain(resnet18,imagenet-1k)->transfer(Flower102,0.1)->steal(resnet18)",Flower102,l2,SAC,RandomSubsample10,test,100
0.2493095099925995,0.00009303586557507515,"pretrain(resnet18,imagenet-1k)->transfer(Flower102,0.5)","pretrain(resnet18,imagenet-1k)->transfer(Flower102,0.1)->distill()",Flower102,l2,SAC,RandomSubsample10,test,100
0.0,0.00009470316581428051,"pretrain(resnet18,imagenet-1k)->transfer(Flower102,0.5)","pretrain(resnet18,imagenet-1k)->transfer(Flower102,0.5)",Flower102,l2,SAC,RandomSubsample10,test,100
0.1358051747083664,0.00009973184205591679,"pretrain(resnet18,imagenet-1k)->transfer(Flower102,0.5)","pretrain(resnet18,imagenet-1k)->transfer(Flower102,0.5)->prune(0.2)",Flower102,l2,SAC,RandomSubsample10,test,100
0.12809546291828156,0.00009938515722751617,"pretrain(resnet18,imagenet-1k)->transfer(Flower102,0.5)","pretrain(resnet18,imagenet-1k)->transfer(Flower102,0.5)->prune(0.5)",Flower102,l2,SAC,RandomSubsample10,test,100
0.16481676697731018,0.00009341002441942692,"pretrain(resnet18,imagenet-1k)->transfer(Flower102,0.5)","pretrain(resnet18,imagenet-1k)->transfer(Flower102,0.5)->prune(0.8)",Flower102,l2,SAC,RandomSubsample10,test,100
0.11966461688280106,0.00009213900193572044,"pretrain(resnet18,imagenet-1k)->transfer(Flower102,0.5)","pretrain(resnet18,imagenet-1k)->transfer(Flower102,0.5)->quantize(float16)",Flower102,l2,SAC,RandomSubsample10,test,100
0.11976906657218933,0.00009193806909024715,"pretrain(resnet18,imagenet-1k)->transfer(Flower102,0.5)","pretrain(resnet18,imagenet-1k)->transfer(Flower102,0.5)->quantize(qint8)",Flower102,l2,SAC,RandomSubsample10,test,100
0.29192736744880676,0.00009181303903460503,"pretrain(resnet18,imagenet-1k)->transfer(Flower102,0.5)","pretrain(resnet18,imagenet-1k)->transfer(Flower102,0.5)->steal(mbnetv2)",Flower102,l2,SAC,RandomSubsample10,test,100
0.2650821805000305,0.00009383889846503735,"pretrain(resnet18,imagenet-1k)->transfer(Flower102,0.5)","pretrain(resnet18,imagenet-1k)->transfer(Flower102,0.5)->steal(resnet18)",Flower102,l2,SAC,RandomSubsample10,test,100
0.1706245392560959,0.0000935681164264679,"pretrain(resnet18,imagenet-1k)->transfer(Flower102,0.5)","pretrain(resnet18,imagenet-1k)->transfer(Flower102,0.5)->distill()",Flower102,l2,SAC,RandomSubsample10,test,100
0.1325124055147171,0.00009292201139032841,"pretrain(resnet18,imagenet-1k)->transfer(Flower102,0.5)","pretrain(resnet18,imagenet-1k)->transfer(Flower102,1.0)",Flower102,l2,SAC,RandomSubsample10,test,100
0.15152670443058014,0.00009299907833337784,"pretrain(resnet18,imagenet-1k)->transfer(Flower102,0.5)","pretrain(resnet18,imagenet-1k)->transfer(Flower102,1.0)->prune(0.2)",Flower102,l2,SAC,RandomSubsample10,test,100
0.13922470808029175,0.00009193085134029388,"pretrain(resnet18,imagenet-1k)->transfer(Flower102,0.5)","pretrain(resnet18,imagenet-1k)->transfer(Flower102,1.0)->prune(0.5)",Flower102,l2,SAC,RandomSubsample10,test,100
0.15839031338691711,0.00009326287545263767,"pretrain(resnet18,imagenet-1k)->transfer(Flower102,0.5)","pretrain(resnet18,imagenet-1k)->transfer(Flower102,1.0)->prune(0.8)",Flower102,l2,SAC,RandomSubsample10,test,100
0.1441498100757599,0.00009444518946111202,"pretrain(resnet18,imagenet-1k)->transfer(Flower102,0.5)","pretrain(resnet18,imagenet-1k)->transfer(Flower102,1.0)->quantize(float16)",Flower102,l2,SAC,RandomSubsample10,test,100
0.14365863800048828,0.00009315996430814266,"pretrain(resnet18,imagenet-1k)->transfer(Flower102,0.5)","pretrain(resnet18,imagenet-1k)->transfer(Flower102,1.0)->quantize(qint8)",Flower102,l2,SAC,RandomSubsample10,test,100
0.31217214465141296,0.00009799213148653507,"pretrain(resnet18,imagenet-1k)->transfer(Flower102,0.5)","pretrain(resnet18,imagenet-1k)->transfer(Flower102,1.0)->steal(mbnetv2)",Flower102,l2,SAC,RandomSubsample10,test,100
0.26143693923950195,0.00009294296614825726,"pretrain(resnet18,imagenet-1k)->transfer(Flower102,0.5)","pretrain(resnet18,imagenet-1k)->transfer(Flower102,1.0)->steal(resnet18)",Flower102,l2,SAC,RandomSubsample10,test,100
0.16551195085048676,0.00009281118400394917,"pretrain(resnet18,imagenet-1k)->transfer(Flower102,0.5)","pretrain(resnet18,imagenet-1k)->transfer(Flower102,1.0)->distill()",Flower102,l2,SAC,RandomSubsample10,test,100
0.39037540555000305,0.00009364611469209194,"pretrain(resnet18,imagenet-1k)->transfer(Flower102,0.5)","train(mbnetv2,Flower102)",Flower102,l2,SAC,RandomSubsample10,test,100
0.3935394287109375,0.00009280303493142128,"pretrain(resnet18,imagenet-1k)->transfer(Flower102,0.5)","train(mbnetv2,Flower102)->prune(0.2)",Flower102,l2,SAC,RandomSubsample10,test,100
0.3919438123703003,0.00009235995821654797,"pretrain(resnet18,imagenet-1k)->transfer(Flower102,0.5)","train(mbnetv2,Flower102)->prune(0.5)",Flower102,l2,SAC,RandomSubsample10,test,100
0.392591267824173,0.00009323400445282459,"pretrain(resnet18,imagenet-1k)->transfer(Flower102,0.5)","train(mbnetv2,Flower102)->prune(0.8)",Flower102,l2,SAC,RandomSubsample10,test,100
0.38074275851249695,0.0000993208959698677,"pretrain(resnet18,imagenet-1k)->transfer(Flower102,0.5)","train(mbnetv2,Flower102)->steal(mbnetv2)",Flower102,l2,SAC,RandomSubsample10,test,100
0.34100258350372314,0.00009304587729275227,"pretrain(resnet18,imagenet-1k)->transfer(Flower102,0.5)","train(mbnetv2,Flower102)->steal(resnet18)",Flower102,l2,SAC,RandomSubsample10,test,100
0.3875651955604553,0.00009209709241986275,"pretrain(resnet18,imagenet-1k)->transfer(Flower102,0.5)","train(mbnetv2,Flower102)->distill()",Flower102,l2,SAC,RandomSubsample10,test,100
0.35409384965896606,0.00009230501018464565,"pretrain(resnet18,imagenet-1k)->transfer(Flower102,0.5)","train(resnet18,Flower102)",Flower102,l2,SAC,RandomSubsample10,test,100
0.3538907766342163,0.00009231199510395527,"pretrain(resnet18,imagenet-1k)->transfer(Flower102,0.5)","train(resnet18,Flower102)->prune(0.2)",Flower102,l2,SAC,RandomSubsample10,test,100
0.3492531478404999,0.00009288499131798744,"pretrain(resnet18,imagenet-1k)->transfer(Flower102,0.5)","train(resnet18,Flower102)->prune(0.5)",Flower102,l2,SAC,RandomSubsample10,test,100
0.3507971167564392,0.00009208801202476025,"pretrain(resnet18,imagenet-1k)->transfer(Flower102,0.5)","train(resnet18,Flower102)->prune(0.8)",Flower102,l2,SAC,RandomSubsample10,test,100
0.35246673226356506,0.00009143492206931114,"pretrain(resnet18,imagenet-1k)->transfer(Flower102,0.5)","train(resnet18,Flower102)->steal(mbnetv2)",Flower102,l2,SAC,RandomSubsample10,test,100
0.35265085101127625,0.00009216391481459141,"pretrain(resnet18,imagenet-1k)->transfer(Flower102,0.5)","train(resnet18,Flower102)->steal(resnet18)",Flower102,l2,SAC,RandomSubsample10,test,100
0.3402860164642334,0.00009238813072443008,"pretrain(resnet18,imagenet-1k)->transfer(Flower102,0.5)","train(resnet18,Flower102)->distill()",Flower102,l2,SAC,RandomSubsample10,test,100
0.2777509391307831,0.00015395507216453552,"pretrain(resnet18,imagenet-1k)->transfer(Flower102,1.0)","pretrain(mbnetv2,imagenet-1k)->transfer(Flower102,0.1)",Flower102,l2,SAC,RandomSubsample10,test,100
0.23410014808177948,0.00011010700836777687,"pretrain(resnet18,imagenet-1k)->transfer(Flower102,1.0)","pretrain(mbnetv2,imagenet-1k)->transfer(Flower102,0.1)->prune(0.2)",Flower102,l2,SAC,RandomSubsample10,test,100
0.2354884296655655,0.00010170601308345795,"pretrain(resnet18,imagenet-1k)->transfer(Flower102,1.0)","pretrain(mbnetv2,imagenet-1k)->transfer(Flower102,0.1)->prune(0.5)",Flower102,l2,SAC,RandomSubsample10,test,100
0.27829432487487793,0.00009589805267751217,"pretrain(resnet18,imagenet-1k)->transfer(Flower102,1.0)","pretrain(mbnetv2,imagenet-1k)->transfer(Flower102,0.1)->prune(0.8)",Flower102,l2,SAC,RandomSubsample10,test,100
0.277750164270401,0.0000943630002439022,"pretrain(resnet18,imagenet-1k)->transfer(Flower102,1.0)","pretrain(mbnetv2,imagenet-1k)->transfer(Flower102,0.1)->quantize(float16)",Flower102,l2,SAC,RandomSubsample10,test,100
0.27786752581596375,0.00009493902325630188,"pretrain(resnet18,imagenet-1k)->transfer(Flower102,1.0)","pretrain(mbnetv2,imagenet-1k)->transfer(Flower102,0.1)->quantize(qint8)",Flower102,l2,SAC,RandomSubsample10,test,100
0.26677101850509644,0.00009346986189484596,"pretrain(resnet18,imagenet-1k)->transfer(Flower102,1.0)","pretrain(mbnetv2,imagenet-1k)->transfer(Flower102,0.1)->steal(mbnetv2)",Flower102,l2,SAC,RandomSubsample10,test,100
0.2547566592693329,0.00009388802573084831,"pretrain(resnet18,imagenet-1k)->transfer(Flower102,1.0)","pretrain(mbnetv2,imagenet-1k)->transfer(Flower102,0.1)->steal(resnet18)",Flower102,l2,SAC,RandomSubsample10,test,100
0.24471476674079895,0.00009308382868766785,"pretrain(resnet18,imagenet-1k)->transfer(Flower102,1.0)","pretrain(mbnetv2,imagenet-1k)->transfer(Flower102,0.1)->distill()",Flower102,l2,SAC,RandomSubsample10,test,100
0.20191480219364166,0.00009233900345861912,"pretrain(resnet18,imagenet-1k)->transfer(Flower102,1.0)","pretrain(mbnetv2,imagenet-1k)->transfer(Flower102,0.5)",Flower102,l2,SAC,RandomSubsample10,test,100
0.21189568936824799,0.00009355507791042328,"pretrain(resnet18,imagenet-1k)->transfer(Flower102,1.0)","pretrain(mbnetv2,imagenet-1k)->transfer(Flower102,0.5)->prune(0.2)",Flower102,l2,SAC,RandomSubsample10,test,100
0.2259567826986313,0.00009332294575870037,"pretrain(resnet18,imagenet-1k)->transfer(Flower102,1.0)","pretrain(mbnetv2,imagenet-1k)->transfer(Flower102,0.5)->prune(0.5)",Flower102,l2,SAC,RandomSubsample10,test,100
0.26695066690444946,0.00009347591549158096,"pretrain(resnet18,imagenet-1k)->transfer(Flower102,1.0)","pretrain(mbnetv2,imagenet-1k)->transfer(Flower102,0.5)->prune(0.8)",Flower102,l2,SAC,RandomSubsample10,test,100
0.20191438496112823,0.00009344704449176788,"pretrain(resnet18,imagenet-1k)->transfer(Flower102,1.0)","pretrain(mbnetv2,imagenet-1k)->transfer(Flower102,0.5)->quantize(float16)",Flower102,l2,SAC,RandomSubsample10,test,100
0.20187023282051086,0.00009269197471439838,"pretrain(resnet18,imagenet-1k)->transfer(Flower102,1.0)","pretrain(mbnetv2,imagenet-1k)->transfer(Flower102,0.5)->quantize(qint8)",Flower102,l2,SAC,RandomSubsample10,test,100
0.30583706498146057,0.000093074981123209,"pretrain(resnet18,imagenet-1k)->transfer(Flower102,1.0)","pretrain(mbnetv2,imagenet-1k)->transfer(Flower102,0.5)->steal(mbnetv2)",Flower102,l2,SAC,RandomSubsample10,test,100
0.24628685414791107,0.00009279209189116955,"pretrain(resnet18,imagenet-1k)->transfer(Flower102,1.0)","pretrain(mbnetv2,imagenet-1k)->transfer(Flower102,0.5)->steal(resnet18)",Flower102,l2,SAC,RandomSubsample10,test,100
0.2662453055381775,0.00009320792742073536,"pretrain(resnet18,imagenet-1k)->transfer(Flower102,1.0)","pretrain(mbnetv2,imagenet-1k)->transfer(Flower102,0.5)->distill()",Flower102,l2,SAC,RandomSubsample10,test,100
0.20571787655353546,0.00009193806909024715,"pretrain(resnet18,imagenet-1k)->transfer(Flower102,1.0)","pretrain(mbnetv2,imagenet-1k)->transfer(Flower102,1.0)",Flower102,l2,SAC,RandomSubsample10,test,100
0.22040629386901855,0.00009333179332315922,"pretrain(resnet18,imagenet-1k)->transfer(Flower102,1.0)","pretrain(mbnetv2,imagenet-1k)->transfer(Flower102,1.0)->prune(0.2)",Flower102,l2,SAC,RandomSubsample10,test,100
0.24432554841041565,0.0000978738535195589,"pretrain(resnet18,imagenet-1k)->transfer(Flower102,1.0)","pretrain(mbnetv2,imagenet-1k)->transfer(Flower102,1.0)->prune(0.5)",Flower102,l2,SAC,RandomSubsample10,test,100
0.29722192883491516,0.00009315181523561478,"pretrain(resnet18,imagenet-1k)->transfer(Flower102,1.0)","pretrain(mbnetv2,imagenet-1k)->transfer(Flower102,1.0)->prune(0.8)",Flower102,l2,SAC,RandomSubsample10,test,100
0.20571839809417725,0.00009272200986742973,"pretrain(resnet18,imagenet-1k)->transfer(Flower102,1.0)","pretrain(mbnetv2,imagenet-1k)->transfer(Flower102,1.0)->quantize(float16)",Flower102,l2,SAC,RandomSubsample10,test,100
0.20576108992099762,0.0000930118840187788,"pretrain(resnet18,imagenet-1k)->transfer(Flower102,1.0)","pretrain(mbnetv2,imagenet-1k)->transfer(Flower102,1.0)->quantize(qint8)",Flower102,l2,SAC,RandomSubsample10,test,100
0.3019031286239624,0.00009262096136808395,"pretrain(resnet18,imagenet-1k)->transfer(Flower102,1.0)","pretrain(mbnetv2,imagenet-1k)->transfer(Flower102,1.0)->steal(mbnetv2)",Flower102,l2,SAC,RandomSubsample10,test,100
0.26010236144065857,0.00009412714280188084,"pretrain(resnet18,imagenet-1k)->transfer(Flower102,1.0)","pretrain(mbnetv2,imagenet-1k)->transfer(Flower102,1.0)->steal(resnet18)",Flower102,l2,SAC,RandomSubsample10,test,100
0.23584724962711334,0.00009365496225655079,"pretrain(resnet18,imagenet-1k)->transfer(Flower102,1.0)","pretrain(mbnetv2,imagenet-1k)->transfer(Flower102,1.0)->distill()",Flower102,l2,SAC,RandomSubsample10,test,100
0.23645451664924622,0.00009257299825549126,"pretrain(resnet18,imagenet-1k)->transfer(Flower102,1.0)","pretrain(resnet18,imagenet-1k)->transfer(Flower102,0.1)",Flower102,l2,SAC,RandomSubsample10,test,100
0.1788831502199173,0.00010046805255115032,"pretrain(resnet18,imagenet-1k)->transfer(Flower102,1.0)","pretrain(resnet18,imagenet-1k)->transfer(Flower102,0.1)->prune(0.2)",Flower102,l2,SAC,RandomSubsample10,test,100
0.18478892743587494,0.00010049599222838879,"pretrain(resnet18,imagenet-1k)->transfer(Flower102,1.0)","pretrain(resnet18,imagenet-1k)->transfer(Flower102,0.1)->prune(0.5)",Flower102,l2,SAC,RandomSubsample10,test,100
0.23196402192115784,0.00009380001574754715,"pretrain(resnet18,imagenet-1k)->transfer(Flower102,1.0)","pretrain(resnet18,imagenet-1k)->transfer(Flower102,0.1)->prune(0.8)",Flower102,l2,SAC,RandomSubsample10,test,100
0.23645369708538055,0.00009279907681047916,"pretrain(resnet18,imagenet-1k)->transfer(Flower102,1.0)","pretrain(resnet18,imagenet-1k)->transfer(Flower102,0.1)->quantize(float16)",Flower102,l2,SAC,RandomSubsample10,test,100
0.23633797466754913,0.00009367382153868675,"pretrain(resnet18,imagenet-1k)->transfer(Flower102,1.0)","pretrain(resnet18,imagenet-1k)->transfer(Flower102,0.1)->quantize(qint8)",Flower102,l2,SAC,RandomSubsample10,test,100
0.2609531581401825,0.00009264587424695492,"pretrain(resnet18,imagenet-1k)->transfer(Flower102,1.0)","pretrain(resnet18,imagenet-1k)->transfer(Flower102,0.1)->steal(mbnetv2)",Flower102,l2,SAC,RandomSubsample10,test,100
0.25580233335494995,0.00009370013140141964,"pretrain(resnet18,imagenet-1k)->transfer(Flower102,1.0)","pretrain(resnet18,imagenet-1k)->transfer(Flower102,0.1)->steal(resnet18)",Flower102,l2,SAC,RandomSubsample10,test,100
0.33031153678894043,0.00009356299415230751,"pretrain(resnet18,imagenet-1k)->transfer(Flower102,1.0)","pretrain(resnet18,imagenet-1k)->transfer(Flower102,0.1)->distill()",Flower102,l2,SAC,RandomSubsample10,test,100
0.12300403416156769,0.00009271386079490185,"pretrain(resnet18,imagenet-1k)->transfer(Flower102,1.0)","pretrain(resnet18,imagenet-1k)->transfer(Flower102,0.5)",Flower102,l2,SAC,RandomSubsample10,test,100
0.14490599930286407,0.00009335717186331749,"pretrain(resnet18,imagenet-1k)->transfer(Flower102,1.0)","pretrain(resnet18,imagenet-1k)->transfer(Flower102,0.5)->prune(0.2)",Flower102,l2,SAC,RandomSubsample10,test,100
0.14010407030582428,0.00009325286373496056,"pretrain(resnet18,imagenet-1k)->transfer(Flower102,1.0)","pretrain(resnet18,imagenet-1k)->transfer(Flower102,0.5)->prune(0.5)",Flower102,l2,SAC,RandomSubsample10,test,100
0.1554710566997528,0.00009328802116215229,"pretrain(resnet18,imagenet-1k)->transfer(Flower102,1.0)","pretrain(resnet18,imagenet-1k)->transfer(Flower102,0.5)->prune(0.8)",Flower102,l2,SAC,RandomSubsample10,test,100
0.13830435276031494,0.00009362306445837021,"pretrain(resnet18,imagenet-1k)->transfer(Flower102,1.0)","pretrain(resnet18,imagenet-1k)->transfer(Flower102,0.5)->quantize(float16)",Flower102,l2,SAC,RandomSubsample10,test,100
0.13814134895801544,0.00009387591853737831,"pretrain(resnet18,imagenet-1k)->transfer(Flower102,1.0)","pretrain(resnet18,imagenet-1k)->transfer(Flower102,0.5)->quantize(qint8)",Flower102,l2,SAC,RandomSubsample10,test,100
0.28690576553344727,0.00009402190335094929,"pretrain(resnet18,imagenet-1k)->transfer(Flower102,1.0)","pretrain(resnet18,imagenet-1k)->transfer(Flower102,0.5)->steal(mbnetv2)",Flower102,l2,SAC,RandomSubsample10,test,100
0.2296028882265091,0.00009484891779720783,"pretrain(resnet18,imagenet-1k)->transfer(Flower102,1.0)","pretrain(resnet18,imagenet-1k)->transfer(Flower102,0.5)->steal(resnet18)",Flower102,l2,SAC,RandomSubsample10,test,100
0.22156652808189392,0.00009526894427835941,"pretrain(resnet18,imagenet-1k)->transfer(Flower102,1.0)","pretrain(resnet18,imagenet-1k)->transfer(Flower102,0.5)->distill()",Flower102,l2,SAC,RandomSubsample10,test,100
0.0,0.00009641610085964203,"pretrain(resnet18,imagenet-1k)->transfer(Flower102,1.0)","pretrain(resnet18,imagenet-1k)->transfer(Flower102,1.0)",Flower102,l2,SAC,RandomSubsample10,test,100
0.14538094401359558,0.00009431992657482624,"pretrain(resnet18,imagenet-1k)->transfer(Flower102,1.0)","pretrain(resnet18,imagenet-1k)->transfer(Flower102,1.0)->prune(0.2)",Flower102,l2,SAC,RandomSubsample10,test,100
0.1438307762145996,0.0000934479758143425,"pretrain(resnet18,imagenet-1k)->transfer(Flower102,1.0)","pretrain(resnet18,imagenet-1k)->transfer(Flower102,1.0)->prune(0.5)",Flower102,l2,SAC,RandomSubsample10,test,100
0.15158066153526306,0.00009390898048877716,"pretrain(resnet18,imagenet-1k)->transfer(Flower102,1.0)","pretrain(resnet18,imagenet-1k)->transfer(Flower102,1.0)->prune(0.8)",Flower102,l2,SAC,RandomSubsample10,test,100
0.14378196001052856,0.00009452411904931068,"pretrain(resnet18,imagenet-1k)->transfer(Flower102,1.0)","pretrain(resnet18,imagenet-1k)->transfer(Flower102,1.0)->quantize(float16)",Flower102,l2,SAC,RandomSubsample10,test,100
0.14374211430549622,0.00009473692625761032,"pretrain(resnet18,imagenet-1k)->transfer(Flower102,1.0)","pretrain(resnet18,imagenet-1k)->transfer(Flower102,1.0)->quantize(qint8)",Flower102,l2,SAC,RandomSubsample10,test,100
0.30163782835006714,0.00009426404722034931,"pretrain(resnet18,imagenet-1k)->transfer(Flower102,1.0)","pretrain(resnet18,imagenet-1k)->transfer(Flower102,1.0)->steal(mbnetv2)",Flower102,l2,SAC,RandomSubsample10,test,100
0.2291315793991089,0.00009322096593677998,"pretrain(resnet18,imagenet-1k)->transfer(Flower102,1.0)","pretrain(resnet18,imagenet-1k)->transfer(Flower102,1.0)->steal(resnet18)",Flower102,l2,SAC,RandomSubsample10,test,100
0.18606819212436676,0.00009435508400201797,"pretrain(resnet18,imagenet-1k)->transfer(Flower102,1.0)","pretrain(resnet18,imagenet-1k)->transfer(Flower102,1.0)->distill()",Flower102,l2,SAC,RandomSubsample10,test,100
0.3150739073753357,0.00009440304711461067,"pretrain(resnet18,imagenet-1k)->transfer(Flower102,1.0)","train(mbnetv2,Flower102)",Flower102,l2,SAC,RandomSubsample10,test,100
0.3126365840435028,0.00009503215551376343,"pretrain(resnet18,imagenet-1k)->transfer(Flower102,1.0)","train(mbnetv2,Flower102)->prune(0.2)",Flower102,l2,SAC,RandomSubsample10,test,100
0.3109302520751953,0.00009392597712576389,"pretrain(resnet18,imagenet-1k)->transfer(Flower102,1.0)","train(mbnetv2,Flower102)->prune(0.5)",Flower102,l2,SAC,RandomSubsample10,test,100
0.32328006625175476,0.0000944079365581274,"pretrain(resnet18,imagenet-1k)->transfer(Flower102,1.0)","train(mbnetv2,Flower102)->prune(0.8)",Flower102,l2,SAC,RandomSubsample10,test,100
0.3117464780807495,0.00009437697008252144,"pretrain(resnet18,imagenet-1k)->transfer(Flower102,1.0)","train(mbnetv2,Flower102)->steal(mbnetv2)",Flower102,l2,SAC,RandomSubsample10,test,100
0.2828134000301361,0.00009370897896587849,"pretrain(resnet18,imagenet-1k)->transfer(Flower102,1.0)","train(mbnetv2,Flower102)->steal(resnet18)",Flower102,l2,SAC,RandomSubsample10,test,100
0.30903756618499756,0.00009291409514844418,"pretrain(resnet18,imagenet-1k)->transfer(Flower102,1.0)","train(mbnetv2,Flower102)->distill()",Flower102,l2,SAC,RandomSubsample10,test,100
0.26725009083747864,0.00010248692706227303,"pretrain(resnet18,imagenet-1k)->transfer(Flower102,1.0)","train(resnet18,Flower102)",Flower102,l2,SAC,RandomSubsample10,test,100
0.26472774147987366,0.00009355694055557251,"pretrain(resnet18,imagenet-1k)->transfer(Flower102,1.0)","train(resnet18,Flower102)->prune(0.2)",Flower102,l2,SAC,RandomSubsample10,test,100
0.2608483135700226,0.00009374995715916157,"pretrain(resnet18,imagenet-1k)->transfer(Flower102,1.0)","train(resnet18,Flower102)->prune(0.5)",Flower102,l2,SAC,RandomSubsample10,test,100
0.261211097240448,0.0000936528667807579,"pretrain(resnet18,imagenet-1k)->transfer(Flower102,1.0)","train(resnet18,Flower102)->prune(0.8)",Flower102,l2,SAC,RandomSubsample10,test,100
0.30354779958724976,0.00009437510743737221,"pretrain(resnet18,imagenet-1k)->transfer(Flower102,1.0)","train(resnet18,Flower102)->steal(mbnetv2)",Flower102,l2,SAC,RandomSubsample10,test,100
0.2810767889022827,0.00009445799514651299,"pretrain(resnet18,imagenet-1k)->transfer(Flower102,1.0)","train(resnet18,Flower102)->steal(resnet18)",Flower102,l2,SAC,RandomSubsample10,test,100
0.2547883987426758,0.00009478302672505379,"pretrain(resnet18,imagenet-1k)->transfer(Flower102,1.0)","train(resnet18,Flower102)->distill()",Flower102,l2,SAC,RandomSubsample10,test,100
0.3252265155315399,0.00014916504733264446,"train(mbnetv2,Flower102)","pretrain(mbnetv2,imagenet-1k)->transfer(Flower102,0.1)",Flower102,l2,SAC,RandomSubsample10,test,100
0.3186153769493103,0.00010064290836453438,"train(mbnetv2,Flower102)","pretrain(mbnetv2,imagenet-1k)->transfer(Flower102,0.1)->prune(0.2)",Flower102,l2,SAC,RandomSubsample10,test,100
0.3628110885620117,0.00009518791921436787,"train(mbnetv2,Flower102)","pretrain(mbnetv2,imagenet-1k)->transfer(Flower102,0.1)->prune(0.5)",Flower102,l2,SAC,RandomSubsample10,test,100
0.3540426194667816,0.0000837219413369894,"train(mbnetv2,Flower102)","pretrain(mbnetv2,imagenet-1k)->transfer(Flower102,0.1)->prune(0.8)",Flower102,l2,SAC,RandomSubsample10,test,100
0.32522550225257874,0.00010100496001541615,"train(mbnetv2,Flower102)","pretrain(mbnetv2,imagenet-1k)->transfer(Flower102,0.1)->quantize(float16)",Flower102,l2,SAC,RandomSubsample10,test,100
0.3252289593219757,0.00009422795847058296,"train(mbnetv2,Flower102)","pretrain(mbnetv2,imagenet-1k)->transfer(Flower102,0.1)->quantize(qint8)",Flower102,l2,SAC,RandomSubsample10,test,100
0.2596840262413025,0.0000929608941078186,"train(mbnetv2,Flower102)","pretrain(mbnetv2,imagenet-1k)->transfer(Flower102,0.1)->steal(mbnetv2)",Flower102,l2,SAC,RandomSubsample10,test,100
0.3010428249835968,0.00009447894990444183,"train(mbnetv2,Flower102)","pretrain(mbnetv2,imagenet-1k)->transfer(Flower102,0.1)->steal(resnet18)",Flower102,l2,SAC,RandomSubsample10,test,100
0.259122759103775,0.00009410292841494083,"train(mbnetv2,Flower102)","pretrain(mbnetv2,imagenet-1k)->transfer(Flower102,0.1)->distill()",Flower102,l2,SAC,RandomSubsample10,test,100
0.26775071024894714,0.00009283190593123436,"train(mbnetv2,Flower102)","pretrain(mbnetv2,imagenet-1k)->transfer(Flower102,0.5)",Flower102,l2,SAC,RandomSubsample10,test,100
0.2663632333278656,0.00009250594303011894,"train(mbnetv2,Flower102)","pretrain(mbnetv2,imagenet-1k)->transfer(Flower102,0.5)->prune(0.2)",Flower102,l2,SAC,RandomSubsample10,test,100
0.3021271824836731,0.00009249895811080933,"train(mbnetv2,Flower102)","pretrain(mbnetv2,imagenet-1k)->transfer(Flower102,0.5)->prune(0.5)",Flower102,l2,SAC,RandomSubsample10,test,100
0.341354638338089,0.00009875395335257053,"train(mbnetv2,Flower102)","pretrain(mbnetv2,imagenet-1k)->transfer(Flower102,0.5)->prune(0.8)",Flower102,l2,SAC,RandomSubsample10,test,100
0.2677529454231262,0.00009491108357906342,"train(mbnetv2,Flower102)","pretrain(mbnetv2,imagenet-1k)->transfer(Flower102,0.5)->quantize(float16)",Flower102,l2,SAC,RandomSubsample10,test,100
0.2676909863948822,0.00009374995715916157,"train(mbnetv2,Flower102)","pretrain(mbnetv2,imagenet-1k)->transfer(Flower102,0.5)->quantize(qint8)",Flower102,l2,SAC,RandomSubsample10,test,100
0.22397394478321075,0.0000977199524641037,"train(mbnetv2,Flower102)","pretrain(mbnetv2,imagenet-1k)->transfer(Flower102,0.5)->steal(mbnetv2)",Flower102,l2,SAC,RandomSubsample10,test,100
0.27953606843948364,0.00009247800335288048,"train(mbnetv2,Flower102)","pretrain(mbnetv2,imagenet-1k)->transfer(Flower102,0.5)->steal(resnet18)",Flower102,l2,SAC,RandomSubsample10,test,100
0.2807098925113678,0.00009430106729269028,"train(mbnetv2,Flower102)","pretrain(mbnetv2,imagenet-1k)->transfer(Flower102,0.5)->distill()",Flower102,l2,SAC,RandomSubsample10,test,100
0.2684265971183777,0.00009298394434154034,"train(mbnetv2,Flower102)","pretrain(mbnetv2,imagenet-1k)->transfer(Flower102,1.0)",Flower102,l2,SAC,RandomSubsample10,test,100
0.27021780610084534,0.00009260582737624645,"train(mbnetv2,Flower102)","pretrain(mbnetv2,imagenet-1k)->transfer(Flower102,1.0)->prune(0.2)",Flower102,l2,SAC,RandomSubsample10,test,100
0.3315597176551819,0.00010384689085185528,"train(mbnetv2,Flower102)","pretrain(mbnetv2,imagenet-1k)->transfer(Flower102,1.0)->prune(0.5)",Flower102,l2,SAC,RandomSubsample10,test,100
0.33869826793670654,0.00009273295290768147,"train(mbnetv2,Flower102)","pretrain(mbnetv2,imagenet-1k)->transfer(Flower102,1.0)->prune(0.8)",Flower102,l2,SAC,RandomSubsample10,test,100
0.268424928188324,0.00009325915016233921,"train(mbnetv2,Flower102)","pretrain(mbnetv2,imagenet-1k)->transfer(Flower102,1.0)->quantize(float16)",Flower102,l2,SAC,RandomSubsample10,test,100
0.2683348059654236,0.00009309197776019573,"train(mbnetv2,Flower102)","pretrain(mbnetv2,imagenet-1k)->transfer(Flower102,1.0)->quantize(qint8)",Flower102,l2,SAC,RandomSubsample10,test,100
0.2358231544494629,0.00009301304817199707,"train(mbnetv2,Flower102)","pretrain(mbnetv2,imagenet-1k)->transfer(Flower102,1.0)->steal(mbnetv2)",Flower102,l2,SAC,RandomSubsample10,test,100
0.26791390776634216,0.0000924430787563324,"train(mbnetv2,Flower102)","pretrain(mbnetv2,imagenet-1k)->transfer(Flower102,1.0)->steal(resnet18)",Flower102,l2,SAC,RandomSubsample10,test,100
0.2508355379104614,0.00009242584928870201,"train(mbnetv2,Flower102)","pretrain(mbnetv2,imagenet-1k)->transfer(Flower102,1.0)->distill()",Flower102,l2,SAC,RandomSubsample10,test,100
0.3957139253616333,0.00009204493835568428,"train(mbnetv2,Flower102)","pretrain(resnet18,imagenet-1k)->transfer(Flower102,0.1)",Flower102,l2,SAC,RandomSubsample10,test,100
0.34660521149635315,0.00009239302016794682,"train(mbnetv2,Flower102)","pretrain(resnet18,imagenet-1k)->transfer(Flower102,0.1)->prune(0.2)",Flower102,l2,SAC,RandomSubsample10,test,100
0.37029561400413513,0.00009191595017910004,"train(mbnetv2,Flower102)","pretrain(resnet18,imagenet-1k)->transfer(Flower102,0.1)->prune(0.5)",Flower102,l2,SAC,RandomSubsample10,test,100
0.41560447216033936,0.00009278394281864166,"train(mbnetv2,Flower102)","pretrain(resnet18,imagenet-1k)->transfer(Flower102,0.1)->prune(0.8)",Flower102,l2,SAC,RandomSubsample10,test,100
0.3957105576992035,0.0000935529824346304,"train(mbnetv2,Flower102)","pretrain(resnet18,imagenet-1k)->transfer(Flower102,0.1)->quantize(float16)",Flower102,l2,SAC,RandomSubsample10,test,100
0.39585167169570923,0.0000926060602068901,"train(mbnetv2,Flower102)","pretrain(resnet18,imagenet-1k)->transfer(Flower102,0.1)->quantize(qint8)",Flower102,l2,SAC,RandomSubsample10,test,100
0.27387499809265137,0.00009211688302457333,"train(mbnetv2,Flower102)","pretrain(resnet18,imagenet-1k)->transfer(Flower102,0.1)->steal(mbnetv2)",Flower102,l2,SAC,RandomSubsample10,test,100
0.31196483969688416,0.00009223702363669872,"train(mbnetv2,Flower102)","pretrain(resnet18,imagenet-1k)->transfer(Flower102,0.1)->steal(resnet18)",Flower102,l2,SAC,RandomSubsample10,test,100
0.4588788151741028,0.0000922840554267168,"train(mbnetv2,Flower102)","pretrain(resnet18,imagenet-1k)->transfer(Flower102,0.1)->distill()",Flower102,l2,SAC,RandomSubsample10,test,100
0.31544920802116394,0.00009296205826103687,"train(mbnetv2,Flower102)","pretrain(resnet18,imagenet-1k)->transfer(Flower102,0.5)",Flower102,l2,SAC,RandomSubsample10,test,100
0.27877870202064514,0.00009154691360890865,"train(mbnetv2,Flower102)","pretrain(resnet18,imagenet-1k)->transfer(Flower102,0.5)->prune(0.2)",Flower102,l2,SAC,RandomSubsample10,test,100
0.2899561822414398,0.00009811692871153355,"train(mbnetv2,Flower102)","pretrain(resnet18,imagenet-1k)->transfer(Flower102,0.5)->prune(0.5)",Flower102,l2,SAC,RandomSubsample10,test,100
0.3374151587486267,0.00009804405272006989,"train(mbnetv2,Flower102)","pretrain(resnet18,imagenet-1k)->transfer(Flower102,0.5)->prune(0.8)",Flower102,l2,SAC,RandomSubsample10,test,100
0.3011714816093445,0.00010043196380138397,"train(mbnetv2,Flower102)","pretrain(resnet18,imagenet-1k)->transfer(Flower102,0.5)->quantize(float16)",Flower102,l2,SAC,RandomSubsample10,test,100
0.30138319730758667,0.00009304704144597054,"train(mbnetv2,Flower102)","pretrain(resnet18,imagenet-1k)->transfer(Flower102,0.5)->quantize(qint8)",Flower102,l2,SAC,RandomSubsample10,test,100
0.23586948215961456,0.00009193387813866138,"train(mbnetv2,Flower102)","pretrain(resnet18,imagenet-1k)->transfer(Flower102,0.5)->steal(mbnetv2)",Flower102,l2,SAC,RandomSubsample10,test,100
0.2793034613132477,0.00009250594303011894,"train(mbnetv2,Flower102)","pretrain(resnet18,imagenet-1k)->transfer(Flower102,0.5)->steal(resnet18)",Flower102,l2,SAC,RandomSubsample10,test,100
0.3675954341888428,0.000091940863057971,"train(mbnetv2,Flower102)","pretrain(resnet18,imagenet-1k)->transfer(Flower102,0.5)->distill()",Flower102,l2,SAC,RandomSubsample10,test,100
0.290169358253479,0.00009215995669364929,"train(mbnetv2,Flower102)","pretrain(resnet18,imagenet-1k)->transfer(Flower102,1.0)",Flower102,l2,SAC,RandomSubsample10,test,100
0.2690690755844116,0.00009194412268698215,"train(mbnetv2,Flower102)","pretrain(resnet18,imagenet-1k)->transfer(Flower102,1.0)->prune(0.2)",Flower102,l2,SAC,RandomSubsample10,test,100
0.27768731117248535,0.00009167008101940155,"train(mbnetv2,Flower102)","pretrain(resnet18,imagenet-1k)->transfer(Flower102,1.0)->prune(0.5)",Flower102,l2,SAC,RandomSubsample10,test,100
0.32367488741874695,0.0000915920827537775,"train(mbnetv2,Flower102)","pretrain(resnet18,imagenet-1k)->transfer(Flower102,1.0)->prune(0.8)",Flower102,l2,SAC,RandomSubsample10,test,100
0.28461360931396484,0.00009245099499821663,"train(mbnetv2,Flower102)","pretrain(resnet18,imagenet-1k)->transfer(Flower102,1.0)->quantize(float16)",Flower102,l2,SAC,RandomSubsample10,test,100
0.2847979664802551,0.00009290105663239956,"train(mbnetv2,Flower102)","pretrain(resnet18,imagenet-1k)->transfer(Flower102,1.0)->quantize(qint8)",Flower102,l2,SAC,RandomSubsample10,test,100
0.22664214670658112,0.00009252014569938183,"train(mbnetv2,Flower102)","pretrain(resnet18,imagenet-1k)->transfer(Flower102,1.0)->steal(mbnetv2)",Flower102,l2,SAC,RandomSubsample10,test,100
0.2645804286003113,0.00009461212903261185,"train(mbnetv2,Flower102)","pretrain(resnet18,imagenet-1k)->transfer(Flower102,1.0)->steal(resnet18)",Flower102,l2,SAC,RandomSubsample10,test,100
0.34189289808273315,0.00009252596646547318,"train(mbnetv2,Flower102)","pretrain(resnet18,imagenet-1k)->transfer(Flower102,1.0)->distill()",Flower102,l2,SAC,RandomSubsample10,test,100
0.0,0.00009393598884344101,"train(mbnetv2,Flower102)","train(mbnetv2,Flower102)",Flower102,l2,SAC,RandomSubsample10,test,100
0.061589669436216354,0.00010735401883721352,"train(mbnetv2,Flower102)","train(mbnetv2,Flower102)->prune(0.2)",Flower102,l2,SAC,RandomSubsample10,test,100
0.10407597571611404,0.0000931380782276392,"train(mbnetv2,Flower102)","train(mbnetv2,Flower102)->prune(0.5)",Flower102,l2,SAC,RandomSubsample10,test,100
0.22706826031208038,0.00009252200834453106,"train(mbnetv2,Flower102)","train(mbnetv2,Flower102)->prune(0.8)",Flower102,l2,SAC,RandomSubsample10,test,100
0.23858152329921722,0.00009224796667695045,"train(mbnetv2,Flower102)","train(mbnetv2,Flower102)->steal(mbnetv2)",Flower102,l2,SAC,RandomSubsample10,test,100
0.26959124207496643,0.00009307707659900188,"train(mbnetv2,Flower102)","train(mbnetv2,Flower102)->steal(resnet18)",Flower102,l2,SAC,RandomSubsample10,test,100
0.12323369830846786,0.00009231804870069027,"train(mbnetv2,Flower102)","train(mbnetv2,Flower102)->distill()",Flower102,l2,SAC,RandomSubsample10,test,100
0.25129520893096924,0.00009236810728907585,"train(mbnetv2,Flower102)","train(resnet18,Flower102)",Flower102,l2,SAC,RandomSubsample10,test,100
0.2279408872127533,0.00009169988334178925,"train(mbnetv2,Flower102)","train(resnet18,Flower102)->prune(0.2)",Flower102,l2,SAC,RandomSubsample10,test,100
0.22515061497688293,0.00009174179285764694,"train(mbnetv2,Flower102)","train(resnet18,Flower102)->prune(0.5)",Flower102,l2,SAC,RandomSubsample10,test,100
0.2342541515827179,0.00009272992610931396,"train(mbnetv2,Flower102)","train(resnet18,Flower102)->prune(0.8)",Flower102,l2,SAC,RandomSubsample10,test,100
0.25807374715805054,0.0000915350392460823,"train(mbnetv2,Flower102)","train(resnet18,Flower102)->steal(mbnetv2)",Flower102,l2,SAC,RandomSubsample10,test,100
0.26695239543914795,0.0000921750906854868,"train(mbnetv2,Flower102)","train(resnet18,Flower102)->steal(resnet18)",Flower102,l2,SAC,RandomSubsample10,test,100
0.23621179163455963,0.00009201397188007832,"train(mbnetv2,Flower102)","train(resnet18,Flower102)->distill()",Flower102,l2,SAC,RandomSubsample10,test,100
0.31107550859451294,0.0001530779991298914,"train(resnet18,Flower102)","pretrain(mbnetv2,imagenet-1k)->transfer(Flower102,0.1)",Flower102,l2,SAC,RandomSubsample10,test,100
0.2675974369049072,0.00010730908252298832,"train(resnet18,Flower102)","pretrain(mbnetv2,imagenet-1k)->transfer(Flower102,0.1)->prune(0.2)",Flower102,l2,SAC,RandomSubsample10,test,100
0.3057149648666382,0.000095803989097476,"train(resnet18,Flower102)","pretrain(mbnetv2,imagenet-1k)->transfer(Flower102,0.1)->prune(0.5)",Flower102,l2,SAC,RandomSubsample10,test,100
0.35469743609428406,0.00010173209011554718,"train(resnet18,Flower102)","pretrain(mbnetv2,imagenet-1k)->transfer(Flower102,0.1)->prune(0.8)",Flower102,l2,SAC,RandomSubsample10,test,100
0.311073362827301,0.0000948919914662838,"train(resnet18,Flower102)","pretrain(mbnetv2,imagenet-1k)->transfer(Flower102,0.1)->quantize(float16)",Flower102,l2,SAC,RandomSubsample10,test,100
0.31095340847969055,0.00009381305426359177,"train(resnet18,Flower102)","pretrain(mbnetv2,imagenet-1k)->transfer(Flower102,0.1)->quantize(qint8)",Flower102,l2,SAC,RandomSubsample10,test,100
0.22328487038612366,0.00009241304360330105,"train(resnet18,Flower102)","pretrain(mbnetv2,imagenet-1k)->transfer(Flower102,0.1)->steal(mbnetv2)",Flower102,l2,SAC,RandomSubsample10,test,100
0.20370011031627655,0.00009299605153501034,"train(resnet18,Flower102)","pretrain(mbnetv2,imagenet-1k)->transfer(Flower102,0.1)->steal(resnet18)",Flower102,l2,SAC,RandomSubsample10,test,100
0.22468231618404388,0.00009397300891578197,"train(resnet18,Flower102)","pretrain(mbnetv2,imagenet-1k)->transfer(Flower102,0.1)->distill()",Flower102,l2,SAC,RandomSubsample10,test,100
0.2637110948562622,0.00009463517926633358,"train(resnet18,Flower102)","pretrain(mbnetv2,imagenet-1k)->transfer(Flower102,0.5)",Flower102,l2,SAC,RandomSubsample10,test,100
0.24557584524154663,0.0000937189906835556,"train(resnet18,Flower102)","pretrain(mbnetv2,imagenet-1k)->transfer(Flower102,0.5)->prune(0.2)",Flower102,l2,SAC,RandomSubsample10,test,100
0.2550051808357239,0.00009275111369788647,"train(resnet18,Flower102)","pretrain(mbnetv2,imagenet-1k)->transfer(Flower102,0.5)->prune(0.5)",Flower102,l2,SAC,RandomSubsample10,test,100
0.32720112800598145,0.00009378301911056042,"train(resnet18,Flower102)","pretrain(mbnetv2,imagenet-1k)->transfer(Flower102,0.5)->prune(0.8)",Flower102,l2,SAC,RandomSubsample10,test,100
0.263711541891098,0.00010123290121555328,"train(resnet18,Flower102)","pretrain(mbnetv2,imagenet-1k)->transfer(Flower102,0.5)->quantize(float16)",Flower102,l2,SAC,RandomSubsample10,test,100
0.2636590898036957,0.0000818141270428896,"train(resnet18,Flower102)","pretrain(mbnetv2,imagenet-1k)->transfer(Flower102,0.5)->quantize(qint8)",Flower102,l2,SAC,RandomSubsample10,test,100
0.23118598759174347,0.00009241304360330105,"train(resnet18,Flower102)","pretrain(mbnetv2,imagenet-1k)->transfer(Flower102,0.5)->steal(mbnetv2)",Flower102,l2,SAC,RandomSubsample10,test,100
0.18806833028793335,0.00009219115599989891,"train(resnet18,Flower102)","pretrain(mbnetv2,imagenet-1k)->transfer(Flower102,0.5)->steal(resnet18)",Flower102,l2,SAC,RandomSubsample10,test,100
0.23809978365898132,0.0000933399423956871,"train(resnet18,Flower102)","pretrain(mbnetv2,imagenet-1k)->transfer(Flower102,0.5)->distill()",Flower102,l2,SAC,RandomSubsample10,test,100
0.2511848509311676,0.00009372294880449772,"train(resnet18,Flower102)","pretrain(mbnetv2,imagenet-1k)->transfer(Flower102,1.0)",Flower102,l2,SAC,RandomSubsample10,test,100
0.24116598069667816,0.00009270897135138512,"train(resnet18,Flower102)","pretrain(mbnetv2,imagenet-1k)->transfer(Flower102,1.0)->prune(0.2)",Flower102,l2,SAC,RandomSubsample10,test,100
0.2595673203468323,0.00009280885569751263,"train(resnet18,Flower102)","pretrain(mbnetv2,imagenet-1k)->transfer(Flower102,1.0)->prune(0.5)",Flower102,l2,SAC,RandomSubsample10,test,100
0.3546176552772522,0.00009302305988967419,"train(resnet18,Flower102)","pretrain(mbnetv2,imagenet-1k)->transfer(Flower102,1.0)->prune(0.8)",Flower102,l2,SAC,RandomSubsample10,test,100
0.25118520855903625,0.00009389710612595081,"train(resnet18,Flower102)","pretrain(mbnetv2,imagenet-1k)->transfer(Flower102,1.0)->quantize(float16)",Flower102,l2,SAC,RandomSubsample10,test,100
0.2511553466320038,0.00009358604438602924,"train(resnet18,Flower102)","pretrain(mbnetv2,imagenet-1k)->transfer(Flower102,1.0)->quantize(qint8)",Flower102,l2,SAC,RandomSubsample10,test,100
0.21525165438652039,0.00009291083551943302,"train(resnet18,Flower102)","pretrain(mbnetv2,imagenet-1k)->transfer(Flower102,1.0)->steal(mbnetv2)",Flower102,l2,SAC,RandomSubsample10,test,100
0.18183299899101257,0.00009465194307267666,"train(resnet18,Flower102)","pretrain(mbnetv2,imagenet-1k)->transfer(Flower102,1.0)->steal(resnet18)",Flower102,l2,SAC,RandomSubsample10,test,100
0.23943525552749634,0.0000935201533138752,"train(resnet18,Flower102)","pretrain(mbnetv2,imagenet-1k)->transfer(Flower102,1.0)->distill()",Flower102,l2,SAC,RandomSubsample10,test,100
0.3299131393432617,0.00009388988837599754,"train(resnet18,Flower102)","pretrain(resnet18,imagenet-1k)->transfer(Flower102,0.1)",Flower102,l2,SAC,RandomSubsample10,test,100
0.2705828845500946,0.00009278208017349243,"train(resnet18,Flower102)","pretrain(resnet18,imagenet-1k)->transfer(Flower102,0.1)->prune(0.2)",Flower102,l2,SAC,RandomSubsample10,test,100
0.284681499004364,0.00009215995669364929,"train(resnet18,Flower102)","pretrain(resnet18,imagenet-1k)->transfer(Flower102,0.1)->prune(0.5)",Flower102,l2,SAC,RandomSubsample10,test,100
0.3363674581050873,0.00009277812205255032,"train(resnet18,Flower102)","pretrain(resnet18,imagenet-1k)->transfer(Flower102,0.1)->prune(0.8)",Flower102,l2,SAC,RandomSubsample10,test,100
0.32991281151771545,0.00009330594912171364,"train(resnet18,Flower102)","pretrain(resnet18,imagenet-1k)->transfer(Flower102,0.1)->quantize(float16)",Flower102,l2,SAC,RandomSubsample10,test,100
0.33009073138237,0.0000930209644138813,"train(resnet18,Flower102)","pretrain(resnet18,imagenet-1k)->transfer(Flower102,0.1)->quantize(qint8)",Flower102,l2,SAC,RandomSubsample10,test,100
0.23389437794685364,0.00009327288717031479,"train(resnet18,Flower102)","pretrain(resnet18,imagenet-1k)->transfer(Flower102,0.1)->steal(mbnetv2)",Flower102,l2,SAC,RandomSubsample10,test,100
0.20168982446193695,0.00009251991286873817,"train(resnet18,Flower102)","pretrain(resnet18,imagenet-1k)->transfer(Flower102,0.1)->steal(resnet18)",Flower102,l2,SAC,RandomSubsample10,test,100
0.3515717387199402,0.00009374110959470272,"train(resnet18,Flower102)","pretrain(resnet18,imagenet-1k)->transfer(Flower102,0.1)->distill()",Flower102,l2,SAC,RandomSubsample10,test,100
0.3032638430595398,0.00009364401921629906,"train(resnet18,Flower102)","pretrain(resnet18,imagenet-1k)->transfer(Flower102,0.5)",Flower102,l2,SAC,RandomSubsample10,test,100
0.24609144032001495,0.00009288499131798744,"train(resnet18,Flower102)","pretrain(resnet18,imagenet-1k)->transfer(Flower102,0.5)->prune(0.2)",Flower102,l2,SAC,RandomSubsample10,test,100
0.2579459846019745,0.00009285612031817436,"train(resnet18,Flower102)","pretrain(resnet18,imagenet-1k)->transfer(Flower102,0.5)->prune(0.5)",Flower102,l2,SAC,RandomSubsample10,test,100
0.26321378350257874,0.0000934540294110775,"train(resnet18,Flower102)","pretrain(resnet18,imagenet-1k)->transfer(Flower102,0.5)->prune(0.8)",Flower102,l2,SAC,RandomSubsample10,test,100
0.26323118805885315,0.00009972299449145794,"train(resnet18,Flower102)","pretrain(resnet18,imagenet-1k)->transfer(Flower102,0.5)->quantize(float16)",Flower102,l2,SAC,RandomSubsample10,test,100
0.26324501633644104,0.00009349803440272808,"train(resnet18,Flower102)","pretrain(resnet18,imagenet-1k)->transfer(Flower102,0.5)->quantize(qint8)",Flower102,l2,SAC,RandomSubsample10,test,100
0.23135973513126373,0.0000922568142414093,"train(resnet18,Flower102)","pretrain(resnet18,imagenet-1k)->transfer(Flower102,0.5)->steal(mbnetv2)",Flower102,l2,SAC,RandomSubsample10,test,100
0.163319930434227,0.00009254808537662029,"train(resnet18,Flower102)","pretrain(resnet18,imagenet-1k)->transfer(Flower102,0.5)->steal(resnet18)",Flower102,l2,SAC,RandomSubsample10,test,100
0.2904050946235657,0.00009385100565850735,"train(resnet18,Flower102)","pretrain(resnet18,imagenet-1k)->transfer(Flower102,0.5)->distill()",Flower102,l2,SAC,RandomSubsample10,test,100
0.29871147871017456,0.00009333319030702114,"train(resnet18,Flower102)","pretrain(resnet18,imagenet-1k)->transfer(Flower102,1.0)",Flower102,l2,SAC,RandomSubsample10,test,100
0.24612900614738464,0.00009274319745600224,"train(resnet18,Flower102)","pretrain(resnet18,imagenet-1k)->transfer(Flower102,1.0)->prune(0.2)",Flower102,l2,SAC,RandomSubsample10,test,100
0.25561395287513733,0.00009263493120670319,"train(resnet18,Flower102)","pretrain(resnet18,imagenet-1k)->transfer(Flower102,1.0)->prune(0.5)",Flower102,l2,SAC,RandomSubsample10,test,100
0.27743440866470337,0.0000916370190680027,"train(resnet18,Flower102)","pretrain(resnet18,imagenet-1k)->transfer(Flower102,1.0)->prune(0.8)",Flower102,l2,SAC,RandomSubsample10,test,100
0.26062968373298645,0.00009262911044061184,"train(resnet18,Flower102)","pretrain(resnet18,imagenet-1k)->transfer(Flower102,1.0)->quantize(float16)",Flower102,l2,SAC,RandomSubsample10,test,100
0.26056137681007385,0.00009389896877110004,"train(resnet18,Flower102)","pretrain(resnet18,imagenet-1k)->transfer(Flower102,1.0)->quantize(qint8)",Flower102,l2,SAC,RandomSubsample10,test,100
0.2185651659965515,0.00009360513649880886,"train(resnet18,Flower102)","pretrain(resnet18,imagenet-1k)->transfer(Flower102,1.0)->steal(mbnetv2)",Flower102,l2,SAC,RandomSubsample10,test,100
0.1480807363986969,0.00009297486394643784,"train(resnet18,Flower102)","pretrain(resnet18,imagenet-1k)->transfer(Flower102,1.0)->steal(resnet18)",Flower102,l2,SAC,RandomSubsample10,test,100
0.2715173661708832,0.00009340699762105942,"train(resnet18,Flower102)","pretrain(resnet18,imagenet-1k)->transfer(Flower102,1.0)->distill()",Flower102,l2,SAC,RandomSubsample10,test,100
0.24666759371757507,0.00009289593435823917,"train(resnet18,Flower102)","train(mbnetv2,Flower102)",Flower102,l2,SAC,RandomSubsample10,test,100
0.24858687818050385,0.00009306101128458977,"train(resnet18,Flower102)","train(mbnetv2,Flower102)->prune(0.2)",Flower102,l2,SAC,RandomSubsample10,test,100
0.25460872054100037,0.00009275809861719608,"train(resnet18,Flower102)","train(mbnetv2,Flower102)->prune(0.5)",Flower102,l2,SAC,RandomSubsample10,test,100
0.245634987950325,0.00009239395149052143,"train(resnet18,Flower102)","train(mbnetv2,Flower102)->prune(0.8)",Flower102,l2,SAC,RandomSubsample10,test,100
0.2027994841337204,0.00009258300997316837,"train(resnet18,Flower102)","train(mbnetv2,Flower102)->steal(mbnetv2)",Flower102,l2,SAC,RandomSubsample10,test,100
0.1411324441432953,0.00009339419193565845,"train(resnet18,Flower102)","train(mbnetv2,Flower102)->steal(resnet18)",Flower102,l2,SAC,RandomSubsample10,test,100
0.23061373829841614,0.00009278394281864166,"train(resnet18,Flower102)","train(mbnetv2,Flower102)->distill()",Flower102,l2,SAC,RandomSubsample10,test,100
0.0,0.00009442982263863087,"train(resnet18,Flower102)","train(resnet18,Flower102)",Flower102,l2,SAC,RandomSubsample10,test,100
0.14969705045223236,0.00009219511412084103,"train(resnet18,Flower102)","train(resnet18,Flower102)->prune(0.2)",Flower102,l2,SAC,RandomSubsample10,test,100
0.15051084756851196,0.0000930088572204113,"train(resnet18,Flower102)","train(resnet18,Flower102)->prune(0.5)",Flower102,l2,SAC,RandomSubsample10,test,100
0.15844380855560303,0.00009290105663239956,"train(resnet18,Flower102)","train(resnet18,Flower102)->prune(0.8)",Flower102,l2,SAC,RandomSubsample10,test,100
0.22536978125572205,0.00009250105358660221,"train(resnet18,Flower102)","train(resnet18,Flower102)->steal(mbnetv2)",Flower102,l2,SAC,RandomSubsample10,test,100
0.12928709387779236,0.00009971321560442448,"train(resnet18,Flower102)","train(resnet18,Flower102)->steal(resnet18)",Flower102,l2,SAC,RandomSubsample10,test,100
0.13979800045490265,0.00009301677346229553,"train(resnet18,Flower102)","train(resnet18,Flower102)->distill()",Flower102,l2,SAC,RandomSubsample10,test,100
