value,walltime,source_model,target_model,dataset,distance,representation,sampler,split,budget
1.1920928955078125e-7,0.0006979161407798529,"pretrain(mbnetv2,imagenet-1k)->transfer(Flower102,0.1)","pretrain(mbnetv2,imagenet-1k)->transfer(Flower102,0.1)",Flower102,cosine,Logits,Adversarial,test,10
0.056118011474609375,0.00013190810568630695,"pretrain(mbnetv2,imagenet-1k)->transfer(Flower102,0.1)","pretrain(mbnetv2,imagenet-1k)->transfer(Flower102,0.1)->prune(0.2)",Flower102,cosine,Logits,Adversarial,test,10
0.12628395855426788,0.00011488399468362331,"pretrain(mbnetv2,imagenet-1k)->transfer(Flower102,0.1)","pretrain(mbnetv2,imagenet-1k)->transfer(Flower102,0.1)->prune(0.5)",Flower102,cosine,Logits,Adversarial,test,10
0.4155554175376892,0.00011119386181235313,"pretrain(mbnetv2,imagenet-1k)->transfer(Flower102,0.1)","pretrain(mbnetv2,imagenet-1k)->transfer(Flower102,0.1)->prune(0.8)",Flower102,cosine,Logits,Adversarial,test,10
8.940696716308594e-8,0.00010902108624577522,"pretrain(mbnetv2,imagenet-1k)->transfer(Flower102,0.1)","pretrain(mbnetv2,imagenet-1k)->transfer(Flower102,0.1)->quantize(float16)",Flower102,cosine,Logits,Adversarial,test,10
7.3909759521484375e-6,0.00011031911708414555,"pretrain(mbnetv2,imagenet-1k)->transfer(Flower102,0.1)","pretrain(mbnetv2,imagenet-1k)->transfer(Flower102,0.1)->quantize(qint8)",Flower102,cosine,Logits,Adversarial,test,10
0.486823171377182,0.00010749907232820988,"pretrain(mbnetv2,imagenet-1k)->transfer(Flower102,0.1)","pretrain(mbnetv2,imagenet-1k)->transfer(Flower102,0.1)->steal(mbnetv2)",Flower102,cosine,Logits,Adversarial,test,10
0.4860683083534241,0.00011284719221293926,"pretrain(mbnetv2,imagenet-1k)->transfer(Flower102,0.1)","pretrain(mbnetv2,imagenet-1k)->transfer(Flower102,0.1)->steal(resnet18)",Flower102,cosine,Logits,Adversarial,test,10
0.4093843400478363,0.00012402120046317577,"pretrain(mbnetv2,imagenet-1k)->transfer(Flower102,0.1)","pretrain(mbnetv2,imagenet-1k)->transfer(Flower102,0.1)->distill()",Flower102,cosine,Logits,Adversarial,test,10
0.1023818701505661,0.00010671792551875114,"pretrain(mbnetv2,imagenet-1k)->transfer(Flower102,0.1)","pretrain(mbnetv2,imagenet-1k)->transfer(Flower102,0.5)",Flower102,cosine,Logits,Adversarial,test,10
0.1452511101961136,0.00010613398626446724,"pretrain(mbnetv2,imagenet-1k)->transfer(Flower102,0.1)","pretrain(mbnetv2,imagenet-1k)->transfer(Flower102,0.5)->prune(0.2)",Flower102,cosine,Logits,Adversarial,test,10
0.18076381087303162,0.00025435700081288815,"pretrain(mbnetv2,imagenet-1k)->transfer(Flower102,0.1)","pretrain(mbnetv2,imagenet-1k)->transfer(Flower102,0.5)->prune(0.5)",Flower102,cosine,Logits,Adversarial,test,10
0.46615666151046753,0.00025354186072945595,"pretrain(mbnetv2,imagenet-1k)->transfer(Flower102,0.1)","pretrain(mbnetv2,imagenet-1k)->transfer(Flower102,0.5)->prune(0.8)",Flower102,cosine,Logits,Adversarial,test,10
0.10238351672887802,0.00024260510690510273,"pretrain(mbnetv2,imagenet-1k)->transfer(Flower102,0.1)","pretrain(mbnetv2,imagenet-1k)->transfer(Flower102,0.5)->quantize(float16)",Flower102,cosine,Logits,Adversarial,test,10
0.1023835688829422,0.00011325697414577007,"pretrain(mbnetv2,imagenet-1k)->transfer(Flower102,0.1)","pretrain(mbnetv2,imagenet-1k)->transfer(Flower102,0.5)->quantize(qint8)",Flower102,cosine,Logits,Adversarial,test,10
0.5643755793571472,0.00010547111742198467,"pretrain(mbnetv2,imagenet-1k)->transfer(Flower102,0.1)","pretrain(mbnetv2,imagenet-1k)->transfer(Flower102,0.5)->steal(mbnetv2)",Flower102,cosine,Logits,Adversarial,test,10
0.5407683253288269,0.0002629728987812996,"pretrain(mbnetv2,imagenet-1k)->transfer(Flower102,0.1)","pretrain(mbnetv2,imagenet-1k)->transfer(Flower102,0.5)->steal(resnet18)",Flower102,cosine,Logits,Adversarial,test,10
0.417290598154068,0.00011164788156747818,"pretrain(mbnetv2,imagenet-1k)->transfer(Flower102,0.1)","pretrain(mbnetv2,imagenet-1k)->transfer(Flower102,0.5)->distill()",Flower102,cosine,Logits,Adversarial,test,10
0.13790640234947205,0.00011643790639936924,"pretrain(mbnetv2,imagenet-1k)->transfer(Flower102,0.1)","pretrain(mbnetv2,imagenet-1k)->transfer(Flower102,1.0)",Flower102,cosine,Logits,Adversarial,test,10
0.17980685830116272,0.0001051120925694704,"pretrain(mbnetv2,imagenet-1k)->transfer(Flower102,0.1)","pretrain(mbnetv2,imagenet-1k)->transfer(Flower102,1.0)->prune(0.2)",Flower102,cosine,Logits,Adversarial,test,10
0.21710535883903503,0.00010645599104464054,"pretrain(mbnetv2,imagenet-1k)->transfer(Flower102,0.1)","pretrain(mbnetv2,imagenet-1k)->transfer(Flower102,1.0)->prune(0.5)",Flower102,cosine,Logits,Adversarial,test,10
0.4792608320713043,0.00010887603275477886,"pretrain(mbnetv2,imagenet-1k)->transfer(Flower102,0.1)","pretrain(mbnetv2,imagenet-1k)->transfer(Flower102,1.0)->prune(0.8)",Flower102,cosine,Logits,Adversarial,test,10
0.1379052847623825,0.0001059030182659626,"pretrain(mbnetv2,imagenet-1k)->transfer(Flower102,0.1)","pretrain(mbnetv2,imagenet-1k)->transfer(Flower102,1.0)->quantize(float16)",Flower102,cosine,Logits,Adversarial,test,10
0.13792942464351654,0.00010675215162336826,"pretrain(mbnetv2,imagenet-1k)->transfer(Flower102,0.1)","pretrain(mbnetv2,imagenet-1k)->transfer(Flower102,1.0)->quantize(qint8)",Flower102,cosine,Logits,Adversarial,test,10
0.5645590424537659,0.00010583014227449894,"pretrain(mbnetv2,imagenet-1k)->transfer(Flower102,0.1)","pretrain(mbnetv2,imagenet-1k)->transfer(Flower102,1.0)->steal(mbnetv2)",Flower102,cosine,Logits,Adversarial,test,10
0.5355806946754456,0.00010721897706389427,"pretrain(mbnetv2,imagenet-1k)->transfer(Flower102,0.1)","pretrain(mbnetv2,imagenet-1k)->transfer(Flower102,1.0)->steal(resnet18)",Flower102,cosine,Logits,Adversarial,test,10
0.48611903190612793,0.0001113000325858593,"pretrain(mbnetv2,imagenet-1k)->transfer(Flower102,0.1)","pretrain(mbnetv2,imagenet-1k)->transfer(Flower102,1.0)->distill()",Flower102,cosine,Logits,Adversarial,test,10
0.37751537561416626,0.00010635307990014553,"pretrain(mbnetv2,imagenet-1k)->transfer(Flower102,0.1)","pretrain(resnet18,imagenet-1k)->transfer(Flower102,0.1)",Flower102,cosine,Logits,Adversarial,test,10
0.42047786712646484,0.00010560289956629276,"pretrain(mbnetv2,imagenet-1k)->transfer(Flower102,0.1)","pretrain(resnet18,imagenet-1k)->transfer(Flower102,0.1)->prune(0.2)",Flower102,cosine,Logits,Adversarial,test,10
0.416316419839859,0.0001058490015566349,"pretrain(mbnetv2,imagenet-1k)->transfer(Flower102,0.1)","pretrain(resnet18,imagenet-1k)->transfer(Flower102,0.1)->prune(0.5)",Flower102,cosine,Logits,Adversarial,test,10
0.41914892196655273,0.00010871700942516327,"pretrain(mbnetv2,imagenet-1k)->transfer(Flower102,0.1)","pretrain(resnet18,imagenet-1k)->transfer(Flower102,0.1)->prune(0.8)",Flower102,cosine,Logits,Adversarial,test,10
0.37751874327659607,0.0001064930111169815,"pretrain(mbnetv2,imagenet-1k)->transfer(Flower102,0.1)","pretrain(resnet18,imagenet-1k)->transfer(Flower102,0.1)->quantize(float16)",Flower102,cosine,Logits,Adversarial,test,10
0.3773531913757324,0.0001080899965018034,"pretrain(mbnetv2,imagenet-1k)->transfer(Flower102,0.1)","pretrain(resnet18,imagenet-1k)->transfer(Flower102,0.1)->quantize(qint8)",Flower102,cosine,Logits,Adversarial,test,10
0.5064306259155273,0.00012286496348679066,"pretrain(mbnetv2,imagenet-1k)->transfer(Flower102,0.1)","pretrain(resnet18,imagenet-1k)->transfer(Flower102,0.1)->steal(mbnetv2)",Flower102,cosine,Logits,Adversarial,test,10
0.4908146858215332,0.00012031593360006809,"pretrain(mbnetv2,imagenet-1k)->transfer(Flower102,0.1)","pretrain(resnet18,imagenet-1k)->transfer(Flower102,0.1)->steal(resnet18)",Flower102,cosine,Logits,Adversarial,test,10
0.3796079754829407,0.0001063451636582613,"pretrain(mbnetv2,imagenet-1k)->transfer(Flower102,0.1)","pretrain(resnet18,imagenet-1k)->transfer(Flower102,0.1)->distill()",Flower102,cosine,Logits,Adversarial,test,10
0.42793017625808716,0.00012045283801853657,"pretrain(mbnetv2,imagenet-1k)->transfer(Flower102,0.1)","pretrain(resnet18,imagenet-1k)->transfer(Flower102,0.5)",Flower102,cosine,Logits,Adversarial,test,10
0.4613596498966217,0.00011593196541070938,"pretrain(mbnetv2,imagenet-1k)->transfer(Flower102,0.1)","pretrain(resnet18,imagenet-1k)->transfer(Flower102,0.5)->prune(0.2)",Flower102,cosine,Logits,Adversarial,test,10
0.45206552743911743,0.00010522198863327503,"pretrain(mbnetv2,imagenet-1k)->transfer(Flower102,0.1)","pretrain(resnet18,imagenet-1k)->transfer(Flower102,0.5)->prune(0.5)",Flower102,cosine,Logits,Adversarial,test,10
0.4429909586906433,0.00011700205504894257,"pretrain(mbnetv2,imagenet-1k)->transfer(Flower102,0.1)","pretrain(resnet18,imagenet-1k)->transfer(Flower102,0.5)->prune(0.8)",Flower102,cosine,Logits,Adversarial,test,10
0.4336807131767273,0.00010649906471371651,"pretrain(mbnetv2,imagenet-1k)->transfer(Flower102,0.1)","pretrain(resnet18,imagenet-1k)->transfer(Flower102,0.5)->quantize(float16)",Flower102,cosine,Logits,Adversarial,test,10
0.4339463710784912,0.00011100713163614273,"pretrain(mbnetv2,imagenet-1k)->transfer(Flower102,0.1)","pretrain(resnet18,imagenet-1k)->transfer(Flower102,0.5)->quantize(qint8)",Flower102,cosine,Logits,Adversarial,test,10
0.5343325734138489,0.00010509509593248367,"pretrain(mbnetv2,imagenet-1k)->transfer(Flower102,0.1)","pretrain(resnet18,imagenet-1k)->transfer(Flower102,0.5)->steal(mbnetv2)",Flower102,cosine,Logits,Adversarial,test,10
0.531839907169342,0.00010596099309623241,"pretrain(mbnetv2,imagenet-1k)->transfer(Flower102,0.1)","pretrain(resnet18,imagenet-1k)->transfer(Flower102,0.5)->steal(resnet18)",Flower102,cosine,Logits,Adversarial,test,10
0.44107118248939514,0.00011645001359283924,"pretrain(mbnetv2,imagenet-1k)->transfer(Flower102,0.1)","pretrain(resnet18,imagenet-1k)->transfer(Flower102,0.5)->distill()",Flower102,cosine,Logits,Adversarial,test,10
0.43120306730270386,0.00010420405305922031,"pretrain(mbnetv2,imagenet-1k)->transfer(Flower102,0.1)","pretrain(resnet18,imagenet-1k)->transfer(Flower102,1.0)",Flower102,cosine,Logits,Adversarial,test,10
0.4507947862148285,0.00011267000809311867,"pretrain(mbnetv2,imagenet-1k)->transfer(Flower102,0.1)","pretrain(resnet18,imagenet-1k)->transfer(Flower102,1.0)->prune(0.2)",Flower102,cosine,Logits,Adversarial,test,10
0.4481133818626404,0.00010705390013754368,"pretrain(mbnetv2,imagenet-1k)->transfer(Flower102,0.1)","pretrain(resnet18,imagenet-1k)->transfer(Flower102,1.0)->prune(0.5)",Flower102,cosine,Logits,Adversarial,test,10
0.439879834651947,0.00011137104593217373,"pretrain(mbnetv2,imagenet-1k)->transfer(Flower102,0.1)","pretrain(resnet18,imagenet-1k)->transfer(Flower102,1.0)->prune(0.8)",Flower102,cosine,Logits,Adversarial,test,10
0.43365582823753357,0.00010463595390319824,"pretrain(mbnetv2,imagenet-1k)->transfer(Flower102,0.1)","pretrain(resnet18,imagenet-1k)->transfer(Flower102,1.0)->quantize(float16)",Flower102,cosine,Logits,Adversarial,test,10
0.43381205201148987,0.00010272301733493805,"pretrain(mbnetv2,imagenet-1k)->transfer(Flower102,0.1)","pretrain(resnet18,imagenet-1k)->transfer(Flower102,1.0)->quantize(qint8)",Flower102,cosine,Logits,Adversarial,test,10
0.5449305176734924,0.00010876008309423923,"pretrain(mbnetv2,imagenet-1k)->transfer(Flower102,0.1)","pretrain(resnet18,imagenet-1k)->transfer(Flower102,1.0)->steal(mbnetv2)",Flower102,cosine,Logits,Adversarial,test,10
0.5474346876144409,0.00010178401134908199,"pretrain(mbnetv2,imagenet-1k)->transfer(Flower102,0.1)","pretrain(resnet18,imagenet-1k)->transfer(Flower102,1.0)->steal(resnet18)",Flower102,cosine,Logits,Adversarial,test,10
0.4537487030029297,0.0001029069535434246,"pretrain(mbnetv2,imagenet-1k)->transfer(Flower102,0.1)","pretrain(resnet18,imagenet-1k)->transfer(Flower102,1.0)->distill()",Flower102,cosine,Logits,Adversarial,test,10
0.6594250798225403,0.00010408391244709492,"pretrain(mbnetv2,imagenet-1k)->transfer(Flower102,0.1)","train(mbnetv2,Flower102)",Flower102,cosine,Logits,Adversarial,test,10
0.6543505191802979,0.00010441988706588745,"pretrain(mbnetv2,imagenet-1k)->transfer(Flower102,0.1)","train(mbnetv2,Flower102)->prune(0.2)",Flower102,cosine,Logits,Adversarial,test,10
0.632681131362915,0.00010254606604576111,"pretrain(mbnetv2,imagenet-1k)->transfer(Flower102,0.1)","train(mbnetv2,Flower102)->prune(0.5)",Flower102,cosine,Logits,Adversarial,test,10
0.5739824175834656,0.00012363214045763016,"pretrain(mbnetv2,imagenet-1k)->transfer(Flower102,0.1)","train(mbnetv2,Flower102)->prune(0.8)",Flower102,cosine,Logits,Adversarial,test,10
0.5712698101997375,0.00010462384670972824,"pretrain(mbnetv2,imagenet-1k)->transfer(Flower102,0.1)","train(mbnetv2,Flower102)->steal(mbnetv2)",Flower102,cosine,Logits,Adversarial,test,10
0.6024056673049927,0.00010266411118209362,"pretrain(mbnetv2,imagenet-1k)->transfer(Flower102,0.1)","train(mbnetv2,Flower102)->steal(resnet18)",Flower102,cosine,Logits,Adversarial,test,10
0.6357506513595581,0.00010315980762243271,"pretrain(mbnetv2,imagenet-1k)->transfer(Flower102,0.1)","train(mbnetv2,Flower102)->distill()",Flower102,cosine,Logits,Adversarial,test,10
0.6042081117630005,0.00010274001397192478,"pretrain(mbnetv2,imagenet-1k)->transfer(Flower102,0.1)","train(resnet18,Flower102)",Flower102,cosine,Logits,Adversarial,test,10
0.6375280618667603,0.0001013509463518858,"pretrain(mbnetv2,imagenet-1k)->transfer(Flower102,0.1)","train(resnet18,Flower102)->prune(0.2)",Flower102,cosine,Logits,Adversarial,test,10
0.6397778391838074,0.00011082109995186329,"pretrain(mbnetv2,imagenet-1k)->transfer(Flower102,0.1)","train(resnet18,Flower102)->prune(0.5)",Flower102,cosine,Logits,Adversarial,test,10
0.6535889506340027,0.00010312418453395367,"pretrain(mbnetv2,imagenet-1k)->transfer(Flower102,0.1)","train(resnet18,Flower102)->prune(0.8)",Flower102,cosine,Logits,Adversarial,test,10
0.5564767122268677,0.00010100193321704865,"pretrain(mbnetv2,imagenet-1k)->transfer(Flower102,0.1)","train(resnet18,Flower102)->steal(mbnetv2)",Flower102,cosine,Logits,Adversarial,test,10
0.5996049642562866,0.00010194210335612297,"pretrain(mbnetv2,imagenet-1k)->transfer(Flower102,0.1)","train(resnet18,Flower102)->steal(resnet18)",Flower102,cosine,Logits,Adversarial,test,10
0.617462158203125,0.00010407413356006145,"pretrain(mbnetv2,imagenet-1k)->transfer(Flower102,0.1)","train(resnet18,Flower102)->distill()",Flower102,cosine,Logits,Adversarial,test,10
0.11125083267688751,0.0001873450819402933,"pretrain(mbnetv2,imagenet-1k)->transfer(Flower102,0.5)","pretrain(mbnetv2,imagenet-1k)->transfer(Flower102,0.1)",Flower102,cosine,Logits,Adversarial,test,10
0.06826139241456985,0.00012240908108651638,"pretrain(mbnetv2,imagenet-1k)->transfer(Flower102,0.5)","pretrain(mbnetv2,imagenet-1k)->transfer(Flower102,0.1)->prune(0.2)",Flower102,cosine,Logits,Adversarial,test,10
0.11704637855291367,0.00011145486496388912,"pretrain(mbnetv2,imagenet-1k)->transfer(Flower102,0.5)","pretrain(mbnetv2,imagenet-1k)->transfer(Flower102,0.1)->prune(0.5)",Flower102,cosine,Logits,Adversarial,test,10
0.43852370977401733,0.00010549696162343025,"pretrain(mbnetv2,imagenet-1k)->transfer(Flower102,0.5)","pretrain(mbnetv2,imagenet-1k)->transfer(Flower102,0.1)->prune(0.8)",Flower102,cosine,Logits,Adversarial,test,10
0.11125024408102036,0.00010488391853868961,"pretrain(mbnetv2,imagenet-1k)->transfer(Flower102,0.5)","pretrain(mbnetv2,imagenet-1k)->transfer(Flower102,0.1)->quantize(float16)",Flower102,cosine,Logits,Adversarial,test,10
0.11131040751934052,0.00010538497008383274,"pretrain(mbnetv2,imagenet-1k)->transfer(Flower102,0.5)","pretrain(mbnetv2,imagenet-1k)->transfer(Flower102,0.1)->quantize(qint8)",Flower102,cosine,Logits,Adversarial,test,10
0.4325059950351715,0.00010620011016726494,"pretrain(mbnetv2,imagenet-1k)->transfer(Flower102,0.5)","pretrain(mbnetv2,imagenet-1k)->transfer(Flower102,0.1)->steal(mbnetv2)",Flower102,cosine,Logits,Adversarial,test,10
0.43620651960372925,0.00010819593444466591,"pretrain(mbnetv2,imagenet-1k)->transfer(Flower102,0.5)","pretrain(mbnetv2,imagenet-1k)->transfer(Flower102,0.1)->steal(resnet18)",Flower102,cosine,Logits,Adversarial,test,10
0.2569796144962311,0.00010285386815667152,"pretrain(mbnetv2,imagenet-1k)->transfer(Flower102,0.5)","pretrain(mbnetv2,imagenet-1k)->transfer(Flower102,0.1)->distill()",Flower102,cosine,Logits,Adversarial,test,10
7.152557657263969e-8,0.00010218098759651184,"pretrain(mbnetv2,imagenet-1k)->transfer(Flower102,0.5)","pretrain(mbnetv2,imagenet-1k)->transfer(Flower102,0.5)",Flower102,cosine,Logits,Adversarial,test,10
0.019018715247511864,0.00010349694639444351,"pretrain(mbnetv2,imagenet-1k)->transfer(Flower102,0.5)","pretrain(mbnetv2,imagenet-1k)->transfer(Flower102,0.5)->prune(0.2)",Flower102,cosine,Logits,Adversarial,test,10
0.07031320035457611,0.00010641501285135746,"pretrain(mbnetv2,imagenet-1k)->transfer(Flower102,0.5)","pretrain(mbnetv2,imagenet-1k)->transfer(Flower102,0.5)->prune(0.5)",Flower102,cosine,Logits,Adversarial,test,10
0.4195384979248047,0.00010327319614589214,"pretrain(mbnetv2,imagenet-1k)->transfer(Flower102,0.5)","pretrain(mbnetv2,imagenet-1k)->transfer(Flower102,0.5)->prune(0.8)",Flower102,cosine,Logits,Adversarial,test,10
5.960464477539063e-8,0.00010360497981309891,"pretrain(mbnetv2,imagenet-1k)->transfer(Flower102,0.5)","pretrain(mbnetv2,imagenet-1k)->transfer(Flower102,0.5)->quantize(float16)",Flower102,cosine,Logits,Adversarial,test,10
6.335973921522964e-6,0.00010365503840148449,"pretrain(mbnetv2,imagenet-1k)->transfer(Flower102,0.5)","pretrain(mbnetv2,imagenet-1k)->transfer(Flower102,0.5)->quantize(qint8)",Flower102,cosine,Logits,Adversarial,test,10
0.4507772922515869,0.00010206201113760471,"pretrain(mbnetv2,imagenet-1k)->transfer(Flower102,0.5)","pretrain(mbnetv2,imagenet-1k)->transfer(Flower102,0.5)->steal(mbnetv2)",Flower102,cosine,Logits,Adversarial,test,10
0.465796560049057,0.0001031861174851656,"pretrain(mbnetv2,imagenet-1k)->transfer(Flower102,0.5)","pretrain(mbnetv2,imagenet-1k)->transfer(Flower102,0.5)->steal(resnet18)",Flower102,cosine,Logits,Adversarial,test,10
0.305776447057724,0.00011045183055102825,"pretrain(mbnetv2,imagenet-1k)->transfer(Flower102,0.5)","pretrain(mbnetv2,imagenet-1k)->transfer(Flower102,0.5)->distill()",Flower102,cosine,Logits,Adversarial,test,10
0.026381392031908035,0.00010326900519430637,"pretrain(mbnetv2,imagenet-1k)->transfer(Flower102,0.5)","pretrain(mbnetv2,imagenet-1k)->transfer(Flower102,1.0)",Flower102,cosine,Logits,Adversarial,test,10
0.04464287310838699,0.0001020489726215601,"pretrain(mbnetv2,imagenet-1k)->transfer(Flower102,0.5)","pretrain(mbnetv2,imagenet-1k)->transfer(Flower102,1.0)->prune(0.2)",Flower102,cosine,Logits,Adversarial,test,10
0.08987203985452652,0.00010218704119324684,"pretrain(mbnetv2,imagenet-1k)->transfer(Flower102,0.5)","pretrain(mbnetv2,imagenet-1k)->transfer(Flower102,1.0)->prune(0.5)",Flower102,cosine,Logits,Adversarial,test,10
0.42755812406539917,0.0001020308118313551,"pretrain(mbnetv2,imagenet-1k)->transfer(Flower102,0.5)","pretrain(mbnetv2,imagenet-1k)->transfer(Flower102,1.0)->prune(0.8)",Flower102,cosine,Logits,Adversarial,test,10
0.026382004842162132,0.0001017870381474495,"pretrain(mbnetv2,imagenet-1k)->transfer(Flower102,0.5)","pretrain(mbnetv2,imagenet-1k)->transfer(Flower102,1.0)->quantize(float16)",Flower102,cosine,Logits,Adversarial,test,10
0.0264364592730999,0.00010256911627948284,"pretrain(mbnetv2,imagenet-1k)->transfer(Flower102,0.5)","pretrain(mbnetv2,imagenet-1k)->transfer(Flower102,1.0)->quantize(qint8)",Flower102,cosine,Logits,Adversarial,test,10
0.45332416892051697,0.00011433009058237076,"pretrain(mbnetv2,imagenet-1k)->transfer(Flower102,0.5)","pretrain(mbnetv2,imagenet-1k)->transfer(Flower102,1.0)->steal(mbnetv2)",Flower102,cosine,Logits,Adversarial,test,10
0.4687976837158203,0.00010466692037880421,"pretrain(mbnetv2,imagenet-1k)->transfer(Flower102,0.5)","pretrain(mbnetv2,imagenet-1k)->transfer(Flower102,1.0)->steal(resnet18)",Flower102,cosine,Logits,Adversarial,test,10
0.2879888415336609,0.00010454910807311535,"pretrain(mbnetv2,imagenet-1k)->transfer(Flower102,0.5)","pretrain(mbnetv2,imagenet-1k)->transfer(Flower102,1.0)->distill()",Flower102,cosine,Logits,Adversarial,test,10
0.3912304937839508,0.00010640011169016361,"pretrain(mbnetv2,imagenet-1k)->transfer(Flower102,0.5)","pretrain(resnet18,imagenet-1k)->transfer(Flower102,0.1)",Flower102,cosine,Logits,Adversarial,test,10
0.34247034788131714,0.00011378014460206032,"pretrain(mbnetv2,imagenet-1k)->transfer(Flower102,0.5)","pretrain(resnet18,imagenet-1k)->transfer(Flower102,0.1)->prune(0.2)",Flower102,cosine,Logits,Adversarial,test,10
0.3462892472743988,0.00011563184671103954,"pretrain(mbnetv2,imagenet-1k)->transfer(Flower102,0.5)","pretrain(resnet18,imagenet-1k)->transfer(Flower102,0.1)->prune(0.5)",Flower102,cosine,Logits,Adversarial,test,10
0.3596732020378113,0.000104519072920084,"pretrain(mbnetv2,imagenet-1k)->transfer(Flower102,0.5)","pretrain(resnet18,imagenet-1k)->transfer(Flower102,0.1)->prune(0.8)",Flower102,cosine,Logits,Adversarial,test,10
0.39123445749282837,0.00011073704808950424,"pretrain(mbnetv2,imagenet-1k)->transfer(Flower102,0.5)","pretrain(resnet18,imagenet-1k)->transfer(Flower102,0.1)->quantize(float16)",Flower102,cosine,Logits,Adversarial,test,10
0.39124244451522827,0.00010391394607722759,"pretrain(mbnetv2,imagenet-1k)->transfer(Flower102,0.5)","pretrain(resnet18,imagenet-1k)->transfer(Flower102,0.1)->quantize(qint8)",Flower102,cosine,Logits,Adversarial,test,10
0.40514832735061646,0.00010339287109673023,"pretrain(mbnetv2,imagenet-1k)->transfer(Flower102,0.5)","pretrain(resnet18,imagenet-1k)->transfer(Flower102,0.1)->steal(mbnetv2)",Flower102,cosine,Logits,Adversarial,test,10
0.41791266202926636,0.00010303687304258347,"pretrain(mbnetv2,imagenet-1k)->transfer(Flower102,0.5)","pretrain(resnet18,imagenet-1k)->transfer(Flower102,0.1)->steal(resnet18)",Flower102,cosine,Logits,Adversarial,test,10
0.3696507513523102,0.00010371278040111065,"pretrain(mbnetv2,imagenet-1k)->transfer(Flower102,0.5)","pretrain(resnet18,imagenet-1k)->transfer(Flower102,0.1)->distill()",Flower102,cosine,Logits,Adversarial,test,10
0.37894394993782043,0.00010476307943463326,"pretrain(mbnetv2,imagenet-1k)->transfer(Flower102,0.5)","pretrain(resnet18,imagenet-1k)->transfer(Flower102,0.5)",Flower102,cosine,Logits,Adversarial,test,10
0.34315556287765503,0.0001063239760696888,"pretrain(mbnetv2,imagenet-1k)->transfer(Flower102,0.5)","pretrain(resnet18,imagenet-1k)->transfer(Flower102,0.5)->prune(0.2)",Flower102,cosine,Logits,Adversarial,test,10
0.3427402377128601,0.00010375003330409527,"pretrain(mbnetv2,imagenet-1k)->transfer(Flower102,0.5)","pretrain(resnet18,imagenet-1k)->transfer(Flower102,0.5)->prune(0.5)",Flower102,cosine,Logits,Adversarial,test,10
0.3591933846473694,0.00010286597535014153,"pretrain(mbnetv2,imagenet-1k)->transfer(Flower102,0.5)","pretrain(resnet18,imagenet-1k)->transfer(Flower102,0.5)->prune(0.8)",Flower102,cosine,Logits,Adversarial,test,10
0.34918728470802307,0.00010207179002463818,"pretrain(mbnetv2,imagenet-1k)->transfer(Flower102,0.5)","pretrain(resnet18,imagenet-1k)->transfer(Flower102,0.5)->quantize(float16)",Flower102,cosine,Logits,Adversarial,test,10
0.3488787114620209,0.00010286387987434864,"pretrain(mbnetv2,imagenet-1k)->transfer(Flower102,0.5)","pretrain(resnet18,imagenet-1k)->transfer(Flower102,0.5)->quantize(qint8)",Flower102,cosine,Logits,Adversarial,test,10
0.48181790113449097,0.00011213193647563457,"pretrain(mbnetv2,imagenet-1k)->transfer(Flower102,0.5)","pretrain(resnet18,imagenet-1k)->transfer(Flower102,0.5)->steal(mbnetv2)",Flower102,cosine,Logits,Adversarial,test,10
0.45140141248703003,0.00010402104817330837,"pretrain(mbnetv2,imagenet-1k)->transfer(Flower102,0.5)","pretrain(resnet18,imagenet-1k)->transfer(Flower102,0.5)->steal(resnet18)",Flower102,cosine,Logits,Adversarial,test,10
0.38110071420669556,0.00010340497829020023,"pretrain(mbnetv2,imagenet-1k)->transfer(Flower102,0.5)","pretrain(resnet18,imagenet-1k)->transfer(Flower102,0.5)->distill()",Flower102,cosine,Logits,Adversarial,test,10
0.3765319287776947,0.00010218494571745396,"pretrain(mbnetv2,imagenet-1k)->transfer(Flower102,0.5)","pretrain(resnet18,imagenet-1k)->transfer(Flower102,1.0)",Flower102,cosine,Logits,Adversarial,test,10
0.34578824043273926,0.00010313605889678001,"pretrain(mbnetv2,imagenet-1k)->transfer(Flower102,0.5)","pretrain(resnet18,imagenet-1k)->transfer(Flower102,1.0)->prune(0.2)",Flower102,cosine,Logits,Adversarial,test,10
0.34583693742752075,0.00010209018364548683,"pretrain(mbnetv2,imagenet-1k)->transfer(Flower102,0.5)","pretrain(resnet18,imagenet-1k)->transfer(Flower102,1.0)->prune(0.5)",Flower102,cosine,Logits,Adversarial,test,10
0.3600788712501526,0.00011077313683927059,"pretrain(mbnetv2,imagenet-1k)->transfer(Flower102,0.5)","pretrain(resnet18,imagenet-1k)->transfer(Flower102,1.0)->prune(0.8)",Flower102,cosine,Logits,Adversarial,test,10
0.3634963035583496,0.00010275514796376228,"pretrain(mbnetv2,imagenet-1k)->transfer(Flower102,0.5)","pretrain(resnet18,imagenet-1k)->transfer(Flower102,1.0)->quantize(float16)",Flower102,cosine,Logits,Adversarial,test,10
0.36398518085479736,0.00010255794040858746,"pretrain(mbnetv2,imagenet-1k)->transfer(Flower102,0.5)","pretrain(resnet18,imagenet-1k)->transfer(Flower102,1.0)->quantize(qint8)",Flower102,cosine,Logits,Adversarial,test,10
0.4480894207954407,0.0001032401341944933,"pretrain(mbnetv2,imagenet-1k)->transfer(Flower102,0.5)","pretrain(resnet18,imagenet-1k)->transfer(Flower102,1.0)->steal(mbnetv2)",Flower102,cosine,Logits,Adversarial,test,10
0.46711844205856323,0.00010315305553376675,"pretrain(mbnetv2,imagenet-1k)->transfer(Flower102,0.5)","pretrain(resnet18,imagenet-1k)->transfer(Flower102,1.0)->steal(resnet18)",Flower102,cosine,Logits,Adversarial,test,10
0.38372817635536194,0.00010512699373066425,"pretrain(mbnetv2,imagenet-1k)->transfer(Flower102,0.5)","pretrain(resnet18,imagenet-1k)->transfer(Flower102,1.0)->distill()",Flower102,cosine,Logits,Adversarial,test,10
0.508255660533905,0.00011357199400663376,"pretrain(mbnetv2,imagenet-1k)->transfer(Flower102,0.5)","train(mbnetv2,Flower102)",Flower102,cosine,Logits,Adversarial,test,10
0.5092232823371887,0.00010380498133599758,"pretrain(mbnetv2,imagenet-1k)->transfer(Flower102,0.5)","train(mbnetv2,Flower102)->prune(0.2)",Flower102,cosine,Logits,Adversarial,test,10
0.5130648016929626,0.00010441592894494534,"pretrain(mbnetv2,imagenet-1k)->transfer(Flower102,0.5)","train(mbnetv2,Flower102)->prune(0.5)",Flower102,cosine,Logits,Adversarial,test,10
0.5633413195610046,0.00010320590808987617,"pretrain(mbnetv2,imagenet-1k)->transfer(Flower102,0.5)","train(mbnetv2,Flower102)->prune(0.8)",Flower102,cosine,Logits,Adversarial,test,10
0.5079582929611206,0.00010232999920845032,"pretrain(mbnetv2,imagenet-1k)->transfer(Flower102,0.5)","train(mbnetv2,Flower102)->steal(mbnetv2)",Flower102,cosine,Logits,Adversarial,test,10
0.5299252271652222,0.00011625001206994057,"pretrain(mbnetv2,imagenet-1k)->transfer(Flower102,0.5)","train(mbnetv2,Flower102)->steal(resnet18)",Flower102,cosine,Logits,Adversarial,test,10
0.48836207389831543,0.00010454095900058746,"pretrain(mbnetv2,imagenet-1k)->transfer(Flower102,0.5)","train(mbnetv2,Flower102)->distill()",Flower102,cosine,Logits,Adversarial,test,10
0.5402466058731079,0.00011178595013916492,"pretrain(mbnetv2,imagenet-1k)->transfer(Flower102,0.5)","train(resnet18,Flower102)",Flower102,cosine,Logits,Adversarial,test,10
0.5489130020141602,0.00011793384328484535,"pretrain(mbnetv2,imagenet-1k)->transfer(Flower102,0.5)","train(resnet18,Flower102)->prune(0.2)",Flower102,cosine,Logits,Adversarial,test,10
0.5541546940803528,0.00010824319906532764,"pretrain(mbnetv2,imagenet-1k)->transfer(Flower102,0.5)","train(resnet18,Flower102)->prune(0.5)",Flower102,cosine,Logits,Adversarial,test,10
0.5541199445724487,0.00011621788144111633,"pretrain(mbnetv2,imagenet-1k)->transfer(Flower102,0.5)","train(resnet18,Flower102)->prune(0.8)",Flower102,cosine,Logits,Adversarial,test,10
0.5143381357192993,0.0001101300586014986,"pretrain(mbnetv2,imagenet-1k)->transfer(Flower102,0.5)","train(resnet18,Flower102)->steal(mbnetv2)",Flower102,cosine,Logits,Adversarial,test,10
0.5462836027145386,0.00011613685637712479,"pretrain(mbnetv2,imagenet-1k)->transfer(Flower102,0.5)","train(resnet18,Flower102)->steal(resnet18)",Flower102,cosine,Logits,Adversarial,test,10
0.5414613485336304,0.00010417099110782146,"pretrain(mbnetv2,imagenet-1k)->transfer(Flower102,0.5)","train(resnet18,Flower102)->distill()",Flower102,cosine,Logits,Adversarial,test,10
0.12210176885128021,0.00018523097969591618,"pretrain(mbnetv2,imagenet-1k)->transfer(Flower102,1.0)","pretrain(mbnetv2,imagenet-1k)->transfer(Flower102,0.1)",Flower102,cosine,Logits,Adversarial,test,10
0.06730446219444275,0.00012100813910365105,"pretrain(mbnetv2,imagenet-1k)->transfer(Flower102,1.0)","pretrain(mbnetv2,imagenet-1k)->transfer(Flower102,0.1)->prune(0.2)",Flower102,cosine,Logits,Adversarial,test,10
0.12445423752069473,0.0001095219049602747,"pretrain(mbnetv2,imagenet-1k)->transfer(Flower102,1.0)","pretrain(mbnetv2,imagenet-1k)->transfer(Flower102,0.1)->prune(0.5)",Flower102,cosine,Logits,Adversarial,test,10
0.4039994180202484,0.00010593910701572895,"pretrain(mbnetv2,imagenet-1k)->transfer(Flower102,1.0)","pretrain(mbnetv2,imagenet-1k)->transfer(Flower102,0.1)->prune(0.8)",Flower102,cosine,Logits,Adversarial,test,10
0.12210173904895782,0.00010437006130814552,"pretrain(mbnetv2,imagenet-1k)->transfer(Flower102,1.0)","pretrain(mbnetv2,imagenet-1k)->transfer(Flower102,0.1)->quantize(float16)",Flower102,cosine,Logits,Adversarial,test,10
0.1222897544503212,0.000103384954854846,"pretrain(mbnetv2,imagenet-1k)->transfer(Flower102,1.0)","pretrain(mbnetv2,imagenet-1k)->transfer(Flower102,0.1)->quantize(qint8)",Flower102,cosine,Logits,Adversarial,test,10
0.4047479033470154,0.00010349415242671967,"pretrain(mbnetv2,imagenet-1k)->transfer(Flower102,1.0)","pretrain(mbnetv2,imagenet-1k)->transfer(Flower102,0.1)->steal(mbnetv2)",Flower102,cosine,Logits,Adversarial,test,10
0.42209386825561523,0.00010260287672281265,"pretrain(mbnetv2,imagenet-1k)->transfer(Flower102,1.0)","pretrain(mbnetv2,imagenet-1k)->transfer(Flower102,0.1)->steal(resnet18)",Flower102,cosine,Logits,Adversarial,test,10
0.3376850187778473,0.00010212208144366741,"pretrain(mbnetv2,imagenet-1k)->transfer(Flower102,1.0)","pretrain(mbnetv2,imagenet-1k)->transfer(Flower102,0.1)->distill()",Flower102,cosine,Logits,Adversarial,test,10
0.017810840159654617,0.00011078105308115482,"pretrain(mbnetv2,imagenet-1k)->transfer(Flower102,1.0)","pretrain(mbnetv2,imagenet-1k)->transfer(Flower102,0.5)",Flower102,cosine,Logits,Adversarial,test,10
0.02446325495839119,0.00010155607014894485,"pretrain(mbnetv2,imagenet-1k)->transfer(Flower102,1.0)","pretrain(mbnetv2,imagenet-1k)->transfer(Flower102,0.5)->prune(0.2)",Flower102,cosine,Logits,Adversarial,test,10
0.06448987126350403,0.00010310299694538116,"pretrain(mbnetv2,imagenet-1k)->transfer(Flower102,1.0)","pretrain(mbnetv2,imagenet-1k)->transfer(Flower102,0.5)->prune(0.5)",Flower102,cosine,Logits,Adversarial,test,10
0.44101935625076294,0.0001016790047287941,"pretrain(mbnetv2,imagenet-1k)->transfer(Flower102,1.0)","pretrain(mbnetv2,imagenet-1k)->transfer(Flower102,0.5)->prune(0.8)",Flower102,cosine,Logits,Adversarial,test,10
0.017811059951782227,0.0001033339649438858,"pretrain(mbnetv2,imagenet-1k)->transfer(Flower102,1.0)","pretrain(mbnetv2,imagenet-1k)->transfer(Flower102,0.5)->quantize(float16)",Flower102,cosine,Logits,Adversarial,test,10
0.01786205731332302,0.00010317796841263771,"pretrain(mbnetv2,imagenet-1k)->transfer(Flower102,1.0)","pretrain(mbnetv2,imagenet-1k)->transfer(Flower102,0.5)->quantize(qint8)",Flower102,cosine,Logits,Adversarial,test,10
0.4731043875217438,0.00010960781946778297,"pretrain(mbnetv2,imagenet-1k)->transfer(Flower102,1.0)","pretrain(mbnetv2,imagenet-1k)->transfer(Flower102,0.5)->steal(mbnetv2)",Flower102,cosine,Logits,Adversarial,test,10
0.4623347222805023,0.00010287296026945114,"pretrain(mbnetv2,imagenet-1k)->transfer(Flower102,1.0)","pretrain(mbnetv2,imagenet-1k)->transfer(Flower102,0.5)->steal(resnet18)",Flower102,cosine,Logits,Adversarial,test,10
0.37987861037254333,0.00010296492837369442,"pretrain(mbnetv2,imagenet-1k)->transfer(Flower102,1.0)","pretrain(mbnetv2,imagenet-1k)->transfer(Flower102,0.5)->distill()",Flower102,cosine,Logits,Adversarial,test,10
7.152557657263969e-8,0.00010728603228926659,"pretrain(mbnetv2,imagenet-1k)->transfer(Flower102,1.0)","pretrain(mbnetv2,imagenet-1k)->transfer(Flower102,1.0)",Flower102,cosine,Logits,Adversarial,test,10
0.012661141343414783,0.00010330392979085445,"pretrain(mbnetv2,imagenet-1k)->transfer(Flower102,1.0)","pretrain(mbnetv2,imagenet-1k)->transfer(Flower102,1.0)->prune(0.2)",Flower102,cosine,Logits,Adversarial,test,10
0.0487467460334301,0.0001033581793308258,"pretrain(mbnetv2,imagenet-1k)->transfer(Flower102,1.0)","pretrain(mbnetv2,imagenet-1k)->transfer(Flower102,1.0)->prune(0.5)",Flower102,cosine,Logits,Adversarial,test,10
0.44624456763267517,0.00010309694334864616,"pretrain(mbnetv2,imagenet-1k)->transfer(Flower102,1.0)","pretrain(mbnetv2,imagenet-1k)->transfer(Flower102,1.0)->prune(0.8)",Flower102,cosine,Logits,Adversarial,test,10
4.7683716530855236e-8,0.0001087249256670475,"pretrain(mbnetv2,imagenet-1k)->transfer(Flower102,1.0)","pretrain(mbnetv2,imagenet-1k)->transfer(Flower102,1.0)->quantize(float16)",Flower102,cosine,Logits,Adversarial,test,10
6.359815415635239e-6,0.00010411813855171204,"pretrain(mbnetv2,imagenet-1k)->transfer(Flower102,1.0)","pretrain(mbnetv2,imagenet-1k)->transfer(Flower102,1.0)->quantize(qint8)",Flower102,cosine,Logits,Adversarial,test,10
0.4887748658657074,0.00010231113992631435,"pretrain(mbnetv2,imagenet-1k)->transfer(Flower102,1.0)","pretrain(mbnetv2,imagenet-1k)->transfer(Flower102,1.0)->steal(mbnetv2)",Flower102,cosine,Logits,Adversarial,test,10
0.47216272354125977,0.00010228506289422512,"pretrain(mbnetv2,imagenet-1k)->transfer(Flower102,1.0)","pretrain(mbnetv2,imagenet-1k)->transfer(Flower102,1.0)->steal(resnet18)",Flower102,cosine,Logits,Adversarial,test,10
0.38350963592529297,0.0001012459397315979,"pretrain(mbnetv2,imagenet-1k)->transfer(Flower102,1.0)","pretrain(mbnetv2,imagenet-1k)->transfer(Flower102,1.0)->distill()",Flower102,cosine,Logits,Adversarial,test,10
0.4109729826450348,0.0001029458362609148,"pretrain(mbnetv2,imagenet-1k)->transfer(Flower102,1.0)","pretrain(resnet18,imagenet-1k)->transfer(Flower102,0.1)",Flower102,cosine,Logits,Adversarial,test,10
0.3819507658481598,0.00010186387225985527,"pretrain(mbnetv2,imagenet-1k)->transfer(Flower102,1.0)","pretrain(resnet18,imagenet-1k)->transfer(Flower102,0.1)->prune(0.2)",Flower102,cosine,Logits,Adversarial,test,10
0.3835073709487915,0.0001021060161292553,"pretrain(mbnetv2,imagenet-1k)->transfer(Flower102,1.0)","pretrain(resnet18,imagenet-1k)->transfer(Flower102,0.1)->prune(0.5)",Flower102,cosine,Logits,Adversarial,test,10
0.38165417313575745,0.00010295514948666096,"pretrain(mbnetv2,imagenet-1k)->transfer(Flower102,1.0)","pretrain(resnet18,imagenet-1k)->transfer(Flower102,0.1)->prune(0.8)",Flower102,cosine,Logits,Adversarial,test,10
0.4109746515750885,0.0001009900588542223,"pretrain(mbnetv2,imagenet-1k)->transfer(Flower102,1.0)","pretrain(resnet18,imagenet-1k)->transfer(Flower102,0.1)->quantize(float16)",Flower102,cosine,Logits,Adversarial,test,10
0.4106449484825134,0.00010177004151046276,"pretrain(mbnetv2,imagenet-1k)->transfer(Flower102,1.0)","pretrain(resnet18,imagenet-1k)->transfer(Flower102,0.1)->quantize(qint8)",Flower102,cosine,Logits,Adversarial,test,10
0.4135933816432953,0.00010279892012476921,"pretrain(mbnetv2,imagenet-1k)->transfer(Flower102,1.0)","pretrain(resnet18,imagenet-1k)->transfer(Flower102,0.1)->steal(mbnetv2)",Flower102,cosine,Logits,Adversarial,test,10
0.4134351313114166,0.00010206690058112144,"pretrain(mbnetv2,imagenet-1k)->transfer(Flower102,1.0)","pretrain(resnet18,imagenet-1k)->transfer(Flower102,0.1)->steal(resnet18)",Flower102,cosine,Logits,Adversarial,test,10
0.39510416984558105,0.00010319007560610771,"pretrain(mbnetv2,imagenet-1k)->transfer(Flower102,1.0)","pretrain(resnet18,imagenet-1k)->transfer(Flower102,0.1)->distill()",Flower102,cosine,Logits,Adversarial,test,10
0.3900456428527832,0.00010285619646310806,"pretrain(mbnetv2,imagenet-1k)->transfer(Flower102,1.0)","pretrain(resnet18,imagenet-1k)->transfer(Flower102,0.5)",Flower102,cosine,Logits,Adversarial,test,10
0.38279128074645996,0.00011059688404202461,"pretrain(mbnetv2,imagenet-1k)->transfer(Flower102,1.0)","pretrain(resnet18,imagenet-1k)->transfer(Flower102,0.5)->prune(0.2)",Flower102,cosine,Logits,Adversarial,test,10
0.3837113380432129,0.00010297098197042942,"pretrain(mbnetv2,imagenet-1k)->transfer(Flower102,1.0)","pretrain(resnet18,imagenet-1k)->transfer(Flower102,0.5)->prune(0.5)",Flower102,cosine,Logits,Adversarial,test,10
0.38197457790374756,0.0001019020564854145,"pretrain(mbnetv2,imagenet-1k)->transfer(Flower102,1.0)","pretrain(resnet18,imagenet-1k)->transfer(Flower102,0.5)->prune(0.8)",Flower102,cosine,Logits,Adversarial,test,10
0.3930596709251404,0.0001016911119222641,"pretrain(mbnetv2,imagenet-1k)->transfer(Flower102,1.0)","pretrain(resnet18,imagenet-1k)->transfer(Flower102,0.5)->quantize(float16)",Flower102,cosine,Logits,Adversarial,test,10
0.3929125666618347,0.00010294793173670769,"pretrain(mbnetv2,imagenet-1k)->transfer(Flower102,1.0)","pretrain(resnet18,imagenet-1k)->transfer(Flower102,0.5)->quantize(qint8)",Flower102,cosine,Logits,Adversarial,test,10
0.4813675880432129,0.00010126805864274502,"pretrain(mbnetv2,imagenet-1k)->transfer(Flower102,1.0)","pretrain(resnet18,imagenet-1k)->transfer(Flower102,0.5)->steal(mbnetv2)",Flower102,cosine,Logits,Adversarial,test,10
0.46161261200904846,0.00010227877646684647,"pretrain(mbnetv2,imagenet-1k)->transfer(Flower102,1.0)","pretrain(resnet18,imagenet-1k)->transfer(Flower102,0.5)->steal(resnet18)",Flower102,cosine,Logits,Adversarial,test,10
0.4197009205818176,0.00010987301357090473,"pretrain(mbnetv2,imagenet-1k)->transfer(Flower102,1.0)","pretrain(resnet18,imagenet-1k)->transfer(Flower102,0.5)->distill()",Flower102,cosine,Logits,Adversarial,test,10
0.3676043450832367,0.00010233791545033455,"pretrain(mbnetv2,imagenet-1k)->transfer(Flower102,1.0)","pretrain(resnet18,imagenet-1k)->transfer(Flower102,1.0)",Flower102,cosine,Logits,Adversarial,test,10
0.37191641330718994,0.0001022780779749155,"pretrain(mbnetv2,imagenet-1k)->transfer(Flower102,1.0)","pretrain(resnet18,imagenet-1k)->transfer(Flower102,1.0)->prune(0.2)",Flower102,cosine,Logits,Adversarial,test,10
0.37148064374923706,0.00010156398639082909,"pretrain(mbnetv2,imagenet-1k)->transfer(Flower102,1.0)","pretrain(resnet18,imagenet-1k)->transfer(Flower102,1.0)->prune(0.5)",Flower102,cosine,Logits,Adversarial,test,10
0.3757649064064026,0.00010272790677845478,"pretrain(mbnetv2,imagenet-1k)->transfer(Flower102,1.0)","pretrain(resnet18,imagenet-1k)->transfer(Flower102,1.0)->prune(0.8)",Flower102,cosine,Logits,Adversarial,test,10
0.3766978085041046,0.00010100193321704865,"pretrain(mbnetv2,imagenet-1k)->transfer(Flower102,1.0)","pretrain(resnet18,imagenet-1k)->transfer(Flower102,1.0)->quantize(float16)",Flower102,cosine,Logits,Adversarial,test,10
0.37665194272994995,0.00010193395428359509,"pretrain(mbnetv2,imagenet-1k)->transfer(Flower102,1.0)","pretrain(resnet18,imagenet-1k)->transfer(Flower102,1.0)->quantize(qint8)",Flower102,cosine,Logits,Adversarial,test,10
0.4569663107395172,0.00010181590914726257,"pretrain(mbnetv2,imagenet-1k)->transfer(Flower102,1.0)","pretrain(resnet18,imagenet-1k)->transfer(Flower102,1.0)->steal(mbnetv2)",Flower102,cosine,Logits,Adversarial,test,10
0.48246678709983826,0.00010187202133238316,"pretrain(mbnetv2,imagenet-1k)->transfer(Flower102,1.0)","pretrain(resnet18,imagenet-1k)->transfer(Flower102,1.0)->steal(resnet18)",Flower102,cosine,Logits,Adversarial,test,10
0.39958456158638,0.00010063499212265015,"pretrain(mbnetv2,imagenet-1k)->transfer(Flower102,1.0)","pretrain(resnet18,imagenet-1k)->transfer(Flower102,1.0)->distill()",Flower102,cosine,Logits,Adversarial,test,10
0.6568261981010437,0.00010295910760760307,"pretrain(mbnetv2,imagenet-1k)->transfer(Flower102,1.0)","train(mbnetv2,Flower102)",Flower102,cosine,Logits,Adversarial,test,10
0.6591964960098267,0.00010143895633518696,"pretrain(mbnetv2,imagenet-1k)->transfer(Flower102,1.0)","train(mbnetv2,Flower102)->prune(0.2)",Flower102,cosine,Logits,Adversarial,test,10
0.6286153793334961,0.0001024159137159586,"pretrain(mbnetv2,imagenet-1k)->transfer(Flower102,1.0)","train(mbnetv2,Flower102)->prune(0.5)",Flower102,cosine,Logits,Adversarial,test,10
0.6159626841545105,0.0001101028174161911,"pretrain(mbnetv2,imagenet-1k)->transfer(Flower102,1.0)","train(mbnetv2,Flower102)->prune(0.8)",Flower102,cosine,Logits,Adversarial,test,10
0.5328398942947388,0.00010118400678038597,"pretrain(mbnetv2,imagenet-1k)->transfer(Flower102,1.0)","train(mbnetv2,Flower102)->steal(mbnetv2)",Flower102,cosine,Logits,Adversarial,test,10
0.5751720666885376,0.00010345806367695332,"pretrain(mbnetv2,imagenet-1k)->transfer(Flower102,1.0)","train(mbnetv2,Flower102)->steal(resnet18)",Flower102,cosine,Logits,Adversarial,test,10
0.5950236916542053,0.00010347994975745678,"pretrain(mbnetv2,imagenet-1k)->transfer(Flower102,1.0)","train(mbnetv2,Flower102)->distill()",Flower102,cosine,Logits,Adversarial,test,10
0.5858694911003113,0.00010204804129898548,"pretrain(mbnetv2,imagenet-1k)->transfer(Flower102,1.0)","train(resnet18,Flower102)",Flower102,cosine,Logits,Adversarial,test,10
0.6036001443862915,0.00010168179869651794,"pretrain(mbnetv2,imagenet-1k)->transfer(Flower102,1.0)","train(resnet18,Flower102)->prune(0.2)",Flower102,cosine,Logits,Adversarial,test,10
0.6121271848678589,0.00010345806367695332,"pretrain(mbnetv2,imagenet-1k)->transfer(Flower102,1.0)","train(resnet18,Flower102)->prune(0.5)",Flower102,cosine,Logits,Adversarial,test,10
0.6157764196395874,0.0001106711570173502,"pretrain(mbnetv2,imagenet-1k)->transfer(Flower102,1.0)","train(resnet18,Flower102)->prune(0.8)",Flower102,cosine,Logits,Adversarial,test,10
0.5612415075302124,0.0001065500546246767,"pretrain(mbnetv2,imagenet-1k)->transfer(Flower102,1.0)","train(resnet18,Flower102)->steal(mbnetv2)",Flower102,cosine,Logits,Adversarial,test,10
0.6020022034645081,0.0001025819219648838,"pretrain(mbnetv2,imagenet-1k)->transfer(Flower102,1.0)","train(resnet18,Flower102)->steal(resnet18)",Flower102,cosine,Logits,Adversarial,test,10
0.5890551209449768,0.00010366481728851795,"pretrain(mbnetv2,imagenet-1k)->transfer(Flower102,1.0)","train(resnet18,Flower102)->distill()",Flower102,cosine,Logits,Adversarial,test,10
0.3009704053401947,0.00018323608674108982,"pretrain(resnet18,imagenet-1k)->transfer(Flower102,0.1)","pretrain(mbnetv2,imagenet-1k)->transfer(Flower102,0.1)",Flower102,cosine,Logits,Adversarial,test,10
0.34616217017173767,0.0001248589251190424,"pretrain(resnet18,imagenet-1k)->transfer(Flower102,0.1)","pretrain(mbnetv2,imagenet-1k)->transfer(Flower102,0.1)->prune(0.2)",Flower102,cosine,Logits,Adversarial,test,10
0.3348791003227234,0.00011378293856978416,"pretrain(resnet18,imagenet-1k)->transfer(Flower102,0.1)","pretrain(mbnetv2,imagenet-1k)->transfer(Flower102,0.1)->prune(0.5)",Flower102,cosine,Logits,Adversarial,test,10
0.4867126941680908,0.00010586297139525414,"pretrain(resnet18,imagenet-1k)->transfer(Flower102,0.1)","pretrain(mbnetv2,imagenet-1k)->transfer(Flower102,0.1)->prune(0.8)",Flower102,cosine,Logits,Adversarial,test,10
0.30097392201423645,0.00010502804070711136,"pretrain(resnet18,imagenet-1k)->transfer(Flower102,0.1)","pretrain(mbnetv2,imagenet-1k)->transfer(Flower102,0.1)->quantize(float16)",Flower102,cosine,Logits,Adversarial,test,10
0.30099958181381226,0.00010406994260847569,"pretrain(resnet18,imagenet-1k)->transfer(Flower102,0.1)","pretrain(mbnetv2,imagenet-1k)->transfer(Flower102,0.1)->quantize(qint8)",Flower102,cosine,Logits,Adversarial,test,10
0.417551189661026,0.00010441895574331284,"pretrain(resnet18,imagenet-1k)->transfer(Flower102,0.1)","pretrain(mbnetv2,imagenet-1k)->transfer(Flower102,0.1)->steal(mbnetv2)",Flower102,cosine,Logits,Adversarial,test,10
0.4451635479927063,0.00010385294444859028,"pretrain(resnet18,imagenet-1k)->transfer(Flower102,0.1)","pretrain(mbnetv2,imagenet-1k)->transfer(Flower102,0.1)->steal(resnet18)",Flower102,cosine,Logits,Adversarial,test,10
0.49774932861328125,0.00010298006236553192,"pretrain(resnet18,imagenet-1k)->transfer(Flower102,0.1)","pretrain(mbnetv2,imagenet-1k)->transfer(Flower102,0.1)->distill()",Flower102,cosine,Logits,Adversarial,test,10
0.36194825172424316,0.00010150205343961716,"pretrain(resnet18,imagenet-1k)->transfer(Flower102,0.1)","pretrain(mbnetv2,imagenet-1k)->transfer(Flower102,0.5)",Flower102,cosine,Logits,Adversarial,test,10
0.3867042660713196,0.00010257796384394169,"pretrain(resnet18,imagenet-1k)->transfer(Flower102,0.1)","pretrain(mbnetv2,imagenet-1k)->transfer(Flower102,0.5)->prune(0.2)",Flower102,cosine,Logits,Adversarial,test,10
0.384774386882782,0.00010216585360467434,"pretrain(resnet18,imagenet-1k)->transfer(Flower102,0.1)","pretrain(mbnetv2,imagenet-1k)->transfer(Flower102,0.5)->prune(0.5)",Flower102,cosine,Logits,Adversarial,test,10
0.4946180284023285,0.00010368996299803257,"pretrain(resnet18,imagenet-1k)->transfer(Flower102,0.1)","pretrain(mbnetv2,imagenet-1k)->transfer(Flower102,0.5)->prune(0.8)",Flower102,cosine,Logits,Adversarial,test,10
0.3619470000267029,0.0001017330214381218,"pretrain(resnet18,imagenet-1k)->transfer(Flower102,0.1)","pretrain(mbnetv2,imagenet-1k)->transfer(Flower102,0.5)->quantize(float16)",Flower102,cosine,Logits,Adversarial,test,10
0.3618627190589905,0.00010319985449314117,"pretrain(resnet18,imagenet-1k)->transfer(Flower102,0.1)","pretrain(mbnetv2,imagenet-1k)->transfer(Flower102,0.5)->quantize(qint8)",Flower102,cosine,Logits,Adversarial,test,10
0.4775879383087158,0.0001137610524892807,"pretrain(resnet18,imagenet-1k)->transfer(Flower102,0.1)","pretrain(mbnetv2,imagenet-1k)->transfer(Flower102,0.5)->steal(mbnetv2)",Flower102,cosine,Logits,Adversarial,test,10
0.501019299030304,0.00010308786295354366,"pretrain(resnet18,imagenet-1k)->transfer(Flower102,0.1)","pretrain(mbnetv2,imagenet-1k)->transfer(Flower102,0.5)->steal(resnet18)",Flower102,cosine,Logits,Adversarial,test,10
0.4989798963069916,0.00010284502059221268,"pretrain(resnet18,imagenet-1k)->transfer(Flower102,0.1)","pretrain(mbnetv2,imagenet-1k)->transfer(Flower102,0.5)->distill()",Flower102,cosine,Logits,Adversarial,test,10
0.3743070960044861,0.00010392791591584682,"pretrain(resnet18,imagenet-1k)->transfer(Flower102,0.1)","pretrain(mbnetv2,imagenet-1k)->transfer(Flower102,1.0)",Flower102,cosine,Logits,Adversarial,test,10
0.39811059832572937,0.00010219588875770569,"pretrain(resnet18,imagenet-1k)->transfer(Flower102,0.1)","pretrain(mbnetv2,imagenet-1k)->transfer(Flower102,1.0)->prune(0.2)",Flower102,cosine,Logits,Adversarial,test,10
0.3975842595100403,0.00010400102473795414,"pretrain(resnet18,imagenet-1k)->transfer(Flower102,0.1)","pretrain(mbnetv2,imagenet-1k)->transfer(Flower102,1.0)->prune(0.5)",Flower102,cosine,Logits,Adversarial,test,10
0.4852563738822937,0.0001020459458231926,"pretrain(resnet18,imagenet-1k)->transfer(Flower102,0.1)","pretrain(mbnetv2,imagenet-1k)->transfer(Flower102,1.0)->prune(0.8)",Flower102,cosine,Logits,Adversarial,test,10
0.37430620193481445,0.00010197609663009644,"pretrain(resnet18,imagenet-1k)->transfer(Flower102,0.1)","pretrain(mbnetv2,imagenet-1k)->transfer(Flower102,1.0)->quantize(float16)",Flower102,cosine,Logits,Adversarial,test,10
0.37428563833236694,0.00010427180677652359,"pretrain(resnet18,imagenet-1k)->transfer(Flower102,0.1)","pretrain(mbnetv2,imagenet-1k)->transfer(Flower102,1.0)->quantize(qint8)",Flower102,cosine,Logits,Adversarial,test,10
0.4820202887058258,0.00010247388854622841,"pretrain(resnet18,imagenet-1k)->transfer(Flower102,0.1)","pretrain(mbnetv2,imagenet-1k)->transfer(Flower102,1.0)->steal(mbnetv2)",Flower102,cosine,Logits,Adversarial,test,10
0.5369938015937805,0.00010262103751301765,"pretrain(resnet18,imagenet-1k)->transfer(Flower102,0.1)","pretrain(mbnetv2,imagenet-1k)->transfer(Flower102,1.0)->steal(resnet18)",Flower102,cosine,Logits,Adversarial,test,10
0.5116392374038696,0.00011142203584313393,"pretrain(resnet18,imagenet-1k)->transfer(Flower102,0.1)","pretrain(mbnetv2,imagenet-1k)->transfer(Flower102,1.0)->distill()",Flower102,cosine,Logits,Adversarial,test,10
4.7683716530855236e-8,0.0001009749248623848,"pretrain(resnet18,imagenet-1k)->transfer(Flower102,0.1)","pretrain(resnet18,imagenet-1k)->transfer(Flower102,0.1)",Flower102,cosine,Logits,Adversarial,test,10
0.08212002366781235,0.00010250392369925976,"pretrain(resnet18,imagenet-1k)->transfer(Flower102,0.1)","pretrain(resnet18,imagenet-1k)->transfer(Flower102,0.1)->prune(0.2)",Flower102,cosine,Logits,Adversarial,test,10
0.08483432978391647,0.00010117096826434135,"pretrain(resnet18,imagenet-1k)->transfer(Flower102,0.1)","pretrain(resnet18,imagenet-1k)->transfer(Flower102,0.1)->prune(0.5)",Flower102,cosine,Logits,Adversarial,test,10
0.14887869358062744,0.00010191602632403374,"pretrain(resnet18,imagenet-1k)->transfer(Flower102,0.1)","pretrain(resnet18,imagenet-1k)->transfer(Flower102,0.1)->prune(0.8)",Flower102,cosine,Logits,Adversarial,test,10
2.9802322387695312e-8,0.00010179192759096622,"pretrain(resnet18,imagenet-1k)->transfer(Flower102,0.1)","pretrain(resnet18,imagenet-1k)->transfer(Flower102,0.1)->quantize(float16)",Flower102,cosine,Logits,Adversarial,test,10
0.0000423371784563642,0.00010265898890793324,"pretrain(resnet18,imagenet-1k)->transfer(Flower102,0.1)","pretrain(resnet18,imagenet-1k)->transfer(Flower102,0.1)->quantize(qint8)",Flower102,cosine,Logits,Adversarial,test,10
0.3852442502975464,0.0001060590147972107,"pretrain(resnet18,imagenet-1k)->transfer(Flower102,0.1)","pretrain(resnet18,imagenet-1k)->transfer(Flower102,0.1)->steal(mbnetv2)",Flower102,cosine,Logits,Adversarial,test,10
0.4370369017124176,0.00010407716035842896,"pretrain(resnet18,imagenet-1k)->transfer(Flower102,0.1)","pretrain(resnet18,imagenet-1k)->transfer(Flower102,0.1)->steal(resnet18)",Flower102,cosine,Logits,Adversarial,test,10
0.18791146576404572,0.00010142801329493523,"pretrain(resnet18,imagenet-1k)->transfer(Flower102,0.1)","pretrain(resnet18,imagenet-1k)->transfer(Flower102,0.1)->distill()",Flower102,cosine,Logits,Adversarial,test,10
0.1273488700389862,0.00010854401625692844,"pretrain(resnet18,imagenet-1k)->transfer(Flower102,0.1)","pretrain(resnet18,imagenet-1k)->transfer(Flower102,0.5)",Flower102,cosine,Logits,Adversarial,test,10
0.18081459403038025,0.00010228483006358147,"pretrain(resnet18,imagenet-1k)->transfer(Flower102,0.1)","pretrain(resnet18,imagenet-1k)->transfer(Flower102,0.5)->prune(0.2)",Flower102,cosine,Logits,Adversarial,test,10
0.18324053287506104,0.00010217120870947838,"pretrain(resnet18,imagenet-1k)->transfer(Flower102,0.1)","pretrain(resnet18,imagenet-1k)->transfer(Flower102,0.5)->prune(0.5)",Flower102,cosine,Logits,Adversarial,test,10
0.23087739944458008,0.00010335794650018215,"pretrain(resnet18,imagenet-1k)->transfer(Flower102,0.1)","pretrain(resnet18,imagenet-1k)->transfer(Flower102,0.5)->prune(0.8)",Flower102,cosine,Logits,Adversarial,test,10
0.12268620729446411,0.00010196096263825893,"pretrain(resnet18,imagenet-1k)->transfer(Flower102,0.1)","pretrain(resnet18,imagenet-1k)->transfer(Flower102,0.5)->quantize(float16)",Flower102,cosine,Logits,Adversarial,test,10
0.12260403484106064,0.00011240807361900806,"pretrain(resnet18,imagenet-1k)->transfer(Flower102,0.1)","pretrain(resnet18,imagenet-1k)->transfer(Flower102,0.5)->quantize(qint8)",Flower102,cosine,Logits,Adversarial,test,10
0.4694778323173523,0.00011343788355588913,"pretrain(resnet18,imagenet-1k)->transfer(Flower102,0.1)","pretrain(resnet18,imagenet-1k)->transfer(Flower102,0.5)->steal(mbnetv2)",Flower102,cosine,Logits,Adversarial,test,10
0.4863457679748535,0.00010110600851476192,"pretrain(resnet18,imagenet-1k)->transfer(Flower102,0.1)","pretrain(resnet18,imagenet-1k)->transfer(Flower102,0.5)->steal(resnet18)",Flower102,cosine,Logits,Adversarial,test,10
0.2995445728302002,0.00010426086373627186,"pretrain(resnet18,imagenet-1k)->transfer(Flower102,0.1)","pretrain(resnet18,imagenet-1k)->transfer(Flower102,0.5)->distill()",Flower102,cosine,Logits,Adversarial,test,10
0.18223710358142853,0.00010178214870393276,"pretrain(resnet18,imagenet-1k)->transfer(Flower102,0.1)","pretrain(resnet18,imagenet-1k)->transfer(Flower102,1.0)",Flower102,cosine,Logits,Adversarial,test,10
0.2340889424085617,0.0001096909400075674,"pretrain(resnet18,imagenet-1k)->transfer(Flower102,0.1)","pretrain(resnet18,imagenet-1k)->transfer(Flower102,1.0)->prune(0.2)",Flower102,cosine,Logits,Adversarial,test,10
0.23440341651439667,0.00010960199870169163,"pretrain(resnet18,imagenet-1k)->transfer(Flower102,0.1)","pretrain(resnet18,imagenet-1k)->transfer(Flower102,1.0)->prune(0.5)",Flower102,cosine,Logits,Adversarial,test,10
0.25957924127578735,0.0001022119540721178,"pretrain(resnet18,imagenet-1k)->transfer(Flower102,0.1)","pretrain(resnet18,imagenet-1k)->transfer(Flower102,1.0)->prune(0.8)",Flower102,cosine,Logits,Adversarial,test,10
0.19068104028701782,0.00010276399552822113,"pretrain(resnet18,imagenet-1k)->transfer(Flower102,0.1)","pretrain(resnet18,imagenet-1k)->transfer(Flower102,1.0)->quantize(float16)",Flower102,cosine,Logits,Adversarial,test,10
0.19087985157966614,0.00010230811312794685,"pretrain(resnet18,imagenet-1k)->transfer(Flower102,0.1)","pretrain(resnet18,imagenet-1k)->transfer(Flower102,1.0)->quantize(qint8)",Flower102,cosine,Logits,Adversarial,test,10
0.47149962186813354,0.00010269484482705593,"pretrain(resnet18,imagenet-1k)->transfer(Flower102,0.1)","pretrain(resnet18,imagenet-1k)->transfer(Flower102,1.0)->steal(mbnetv2)",Flower102,cosine,Logits,Adversarial,test,10
0.5117946863174438,0.00010151788592338562,"pretrain(resnet18,imagenet-1k)->transfer(Flower102,0.1)","pretrain(resnet18,imagenet-1k)->transfer(Flower102,1.0)->steal(resnet18)",Flower102,cosine,Logits,Adversarial,test,10
0.33386239409446716,0.00011509191244840622,"pretrain(resnet18,imagenet-1k)->transfer(Flower102,0.1)","pretrain(resnet18,imagenet-1k)->transfer(Flower102,1.0)->distill()",Flower102,cosine,Logits,Adversarial,test,10
0.6173137426376343,0.00010168598964810371,"pretrain(resnet18,imagenet-1k)->transfer(Flower102,0.1)","train(mbnetv2,Flower102)",Flower102,cosine,Logits,Adversarial,test,10
0.6167680621147156,0.00010204687714576721,"pretrain(resnet18,imagenet-1k)->transfer(Flower102,0.1)","train(mbnetv2,Flower102)->prune(0.2)",Flower102,cosine,Logits,Adversarial,test,10
0.6279612183570862,0.00010195281356573105,"pretrain(resnet18,imagenet-1k)->transfer(Flower102,0.1)","train(mbnetv2,Flower102)->prune(0.5)",Flower102,cosine,Logits,Adversarial,test,10
0.616683840751648,0.00010208296589553356,"pretrain(resnet18,imagenet-1k)->transfer(Flower102,0.1)","train(mbnetv2,Flower102)->prune(0.8)",Flower102,cosine,Logits,Adversarial,test,10
0.5405822992324829,0.0001035470049828291,"pretrain(resnet18,imagenet-1k)->transfer(Flower102,0.1)","train(mbnetv2,Flower102)->steal(mbnetv2)",Flower102,cosine,Logits,Adversarial,test,10
0.5809537768363953,0.00010304921306669712,"pretrain(resnet18,imagenet-1k)->transfer(Flower102,0.1)","train(mbnetv2,Flower102)->steal(resnet18)",Flower102,cosine,Logits,Adversarial,test,10
0.5858315229415894,0.00010305480100214481,"pretrain(resnet18,imagenet-1k)->transfer(Flower102,0.1)","train(mbnetv2,Flower102)->distill()",Flower102,cosine,Logits,Adversarial,test,10
0.619539737701416,0.00010124919936060905,"pretrain(resnet18,imagenet-1k)->transfer(Flower102,0.1)","train(resnet18,Flower102)",Flower102,cosine,Logits,Adversarial,test,10
0.6577359437942505,0.0001048289705067873,"pretrain(resnet18,imagenet-1k)->transfer(Flower102,0.1)","train(resnet18,Flower102)->prune(0.2)",Flower102,cosine,Logits,Adversarial,test,10
0.6528912782669067,0.00010183919221162796,"pretrain(resnet18,imagenet-1k)->transfer(Flower102,0.1)","train(resnet18,Flower102)->prune(0.5)",Flower102,cosine,Logits,Adversarial,test,10
0.6448143720626831,0.00010597403161227703,"pretrain(resnet18,imagenet-1k)->transfer(Flower102,0.1)","train(resnet18,Flower102)->prune(0.8)",Flower102,cosine,Logits,Adversarial,test,10
0.5594518780708313,0.00010294001549482346,"pretrain(resnet18,imagenet-1k)->transfer(Flower102,0.1)","train(resnet18,Flower102)->steal(mbnetv2)",Flower102,cosine,Logits,Adversarial,test,10
0.5791569352149963,0.00010079308412969112,"pretrain(resnet18,imagenet-1k)->transfer(Flower102,0.1)","train(resnet18,Flower102)->steal(resnet18)",Flower102,cosine,Logits,Adversarial,test,10
0.6302942037582397,0.00011149304918944836,"pretrain(resnet18,imagenet-1k)->transfer(Flower102,0.1)","train(resnet18,Flower102)->distill()",Flower102,cosine,Logits,Adversarial,test,10
0.3002038896083832,0.0001888310071080923,"pretrain(resnet18,imagenet-1k)->transfer(Flower102,0.5)","pretrain(mbnetv2,imagenet-1k)->transfer(Flower102,0.1)",Flower102,cosine,Logits,Adversarial,test,10
0.3035527169704437,0.000115575036033988,"pretrain(resnet18,imagenet-1k)->transfer(Flower102,0.5)","pretrain(mbnetv2,imagenet-1k)->transfer(Flower102,0.1)->prune(0.2)",Flower102,cosine,Logits,Adversarial,test,10
0.3001491129398346,0.00011708401143550873,"pretrain(resnet18,imagenet-1k)->transfer(Flower102,0.5)","pretrain(mbnetv2,imagenet-1k)->transfer(Flower102,0.1)->prune(0.5)",Flower102,cosine,Logits,Adversarial,test,10
0.4278533458709717,0.00010508392006158829,"pretrain(resnet18,imagenet-1k)->transfer(Flower102,0.5)","pretrain(mbnetv2,imagenet-1k)->transfer(Flower102,0.1)->prune(0.8)",Flower102,cosine,Logits,Adversarial,test,10
0.3002009391784668,0.00010852515697479248,"pretrain(resnet18,imagenet-1k)->transfer(Flower102,0.5)","pretrain(mbnetv2,imagenet-1k)->transfer(Flower102,0.1)->quantize(float16)",Flower102,cosine,Logits,Adversarial,test,10
0.30014240741729736,0.00010552303865551949,"pretrain(resnet18,imagenet-1k)->transfer(Flower102,0.5)","pretrain(mbnetv2,imagenet-1k)->transfer(Flower102,0.1)->quantize(qint8)",Flower102,cosine,Logits,Adversarial,test,10
0.4370926022529602,0.00012464611791074276,"pretrain(resnet18,imagenet-1k)->transfer(Flower102,0.5)","pretrain(mbnetv2,imagenet-1k)->transfer(Flower102,0.1)->steal(mbnetv2)",Flower102,cosine,Logits,Adversarial,test,10
0.4026791453361511,0.000103033147752285,"pretrain(resnet18,imagenet-1k)->transfer(Flower102,0.5)","pretrain(mbnetv2,imagenet-1k)->transfer(Flower102,0.1)->steal(resnet18)",Flower102,cosine,Logits,Adversarial,test,10
0.4358943998813629,0.00010809185914695263,"pretrain(resnet18,imagenet-1k)->transfer(Flower102,0.5)","pretrain(mbnetv2,imagenet-1k)->transfer(Flower102,0.1)->distill()",Flower102,cosine,Logits,Adversarial,test,10
0.2850804924964905,0.00010508392006158829,"pretrain(resnet18,imagenet-1k)->transfer(Flower102,0.5)","pretrain(mbnetv2,imagenet-1k)->transfer(Flower102,0.5)",Flower102,cosine,Logits,Adversarial,test,10
0.31486383080482483,0.0001069412101060152,"pretrain(resnet18,imagenet-1k)->transfer(Flower102,0.5)","pretrain(mbnetv2,imagenet-1k)->transfer(Flower102,0.5)->prune(0.2)",Flower102,cosine,Logits,Adversarial,test,10
0.3169122636318207,0.00011814292520284653,"pretrain(resnet18,imagenet-1k)->transfer(Flower102,0.5)","pretrain(mbnetv2,imagenet-1k)->transfer(Flower102,0.5)->prune(0.5)",Flower102,cosine,Logits,Adversarial,test,10
0.4337410032749176,0.00010505178943276405,"pretrain(resnet18,imagenet-1k)->transfer(Flower102,0.5)","pretrain(mbnetv2,imagenet-1k)->transfer(Flower102,0.5)->prune(0.8)",Flower102,cosine,Logits,Adversarial,test,10
0.2850799560546875,0.00011735106818377972,"pretrain(resnet18,imagenet-1k)->transfer(Flower102,0.5)","pretrain(mbnetv2,imagenet-1k)->transfer(Flower102,0.5)->quantize(float16)",Flower102,cosine,Logits,Adversarial,test,10
0.28477978706359863,0.00010390789248049259,"pretrain(resnet18,imagenet-1k)->transfer(Flower102,0.5)","pretrain(mbnetv2,imagenet-1k)->transfer(Flower102,0.5)->quantize(qint8)",Flower102,cosine,Logits,Adversarial,test,10
0.4789906442165375,0.00011443812400102615,"pretrain(resnet18,imagenet-1k)->transfer(Flower102,0.5)","pretrain(mbnetv2,imagenet-1k)->transfer(Flower102,0.5)->steal(mbnetv2)",Flower102,cosine,Logits,Adversarial,test,10
0.4908178448677063,0.00010518799535930157,"pretrain(resnet18,imagenet-1k)->transfer(Flower102,0.5)","pretrain(mbnetv2,imagenet-1k)->transfer(Flower102,0.5)->steal(resnet18)",Flower102,cosine,Logits,Adversarial,test,10
0.3910645842552185,0.00010516284964978695,"pretrain(resnet18,imagenet-1k)->transfer(Flower102,0.5)","pretrain(mbnetv2,imagenet-1k)->transfer(Flower102,0.5)->distill()",Flower102,cosine,Logits,Adversarial,test,10
0.29853057861328125,0.00011371797882020473,"pretrain(resnet18,imagenet-1k)->transfer(Flower102,0.5)","pretrain(mbnetv2,imagenet-1k)->transfer(Flower102,1.0)",Flower102,cosine,Logits,Adversarial,test,10
0.3235347270965576,0.00010684318840503693,"pretrain(resnet18,imagenet-1k)->transfer(Flower102,0.5)","pretrain(mbnetv2,imagenet-1k)->transfer(Flower102,1.0)->prune(0.2)",Flower102,cosine,Logits,Adversarial,test,10
0.3104085922241211,0.00010572304017841816,"pretrain(resnet18,imagenet-1k)->transfer(Flower102,0.5)","pretrain(mbnetv2,imagenet-1k)->transfer(Flower102,1.0)->prune(0.5)",Flower102,cosine,Logits,Adversarial,test,10
0.41337528824806213,0.00011549796909093857,"pretrain(resnet18,imagenet-1k)->transfer(Flower102,0.5)","pretrain(mbnetv2,imagenet-1k)->transfer(Flower102,1.0)->prune(0.8)",Flower102,cosine,Logits,Adversarial,test,10
0.2985297441482544,0.0001069528516381979,"pretrain(resnet18,imagenet-1k)->transfer(Flower102,0.5)","pretrain(mbnetv2,imagenet-1k)->transfer(Flower102,1.0)->quantize(float16)",Flower102,cosine,Logits,Adversarial,test,10
0.29856905341148376,0.00010684505105018616,"pretrain(resnet18,imagenet-1k)->transfer(Flower102,0.5)","pretrain(mbnetv2,imagenet-1k)->transfer(Flower102,1.0)->quantize(qint8)",Flower102,cosine,Logits,Adversarial,test,10
0.4964772164821625,0.00010621501132845879,"pretrain(resnet18,imagenet-1k)->transfer(Flower102,0.5)","pretrain(mbnetv2,imagenet-1k)->transfer(Flower102,1.0)->steal(mbnetv2)",Flower102,cosine,Logits,Adversarial,test,10
0.49267882108688354,0.00010388204827904701,"pretrain(resnet18,imagenet-1k)->transfer(Flower102,0.5)","pretrain(mbnetv2,imagenet-1k)->transfer(Flower102,1.0)->steal(resnet18)",Flower102,cosine,Logits,Adversarial,test,10
0.3953366279602051,0.00010452000424265862,"pretrain(resnet18,imagenet-1k)->transfer(Flower102,0.5)","pretrain(mbnetv2,imagenet-1k)->transfer(Flower102,1.0)->distill()",Flower102,cosine,Logits,Adversarial,test,10
0.10775028169155121,0.00011414708569645882,"pretrain(resnet18,imagenet-1k)->transfer(Flower102,0.5)","pretrain(resnet18,imagenet-1k)->transfer(Flower102,0.1)",Flower102,cosine,Logits,Adversarial,test,10
0.09588880836963654,0.00011407514102756977,"pretrain(resnet18,imagenet-1k)->transfer(Flower102,0.5)","pretrain(resnet18,imagenet-1k)->transfer(Flower102,0.1)->prune(0.2)",Flower102,cosine,Logits,Adversarial,test,10
0.09438402950763702,0.00010419916361570358,"pretrain(resnet18,imagenet-1k)->transfer(Flower102,0.5)","pretrain(resnet18,imagenet-1k)->transfer(Flower102,0.1)->prune(0.5)",Flower102,cosine,Logits,Adversarial,test,10
0.1200520396232605,0.00012014200910925865,"pretrain(resnet18,imagenet-1k)->transfer(Flower102,0.5)","pretrain(resnet18,imagenet-1k)->transfer(Flower102,0.1)->prune(0.8)",Flower102,cosine,Logits,Adversarial,test,10
0.10774779319763184,0.00010451208800077438,"pretrain(resnet18,imagenet-1k)->transfer(Flower102,0.5)","pretrain(resnet18,imagenet-1k)->transfer(Flower102,0.1)->quantize(float16)",Flower102,cosine,Logits,Adversarial,test,10
0.1077716127038002,0.00010602595284581184,"pretrain(resnet18,imagenet-1k)->transfer(Flower102,0.5)","pretrain(resnet18,imagenet-1k)->transfer(Flower102,0.1)->quantize(qint8)",Flower102,cosine,Logits,Adversarial,test,10
0.35587993264198303,0.00010570208542048931,"pretrain(resnet18,imagenet-1k)->transfer(Flower102,0.5)","pretrain(resnet18,imagenet-1k)->transfer(Flower102,0.1)->steal(mbnetv2)",Flower102,cosine,Logits,Adversarial,test,10
0.3939972221851349,0.00010543293319642544,"pretrain(resnet18,imagenet-1k)->transfer(Flower102,0.5)","pretrain(resnet18,imagenet-1k)->transfer(Flower102,0.1)->steal(resnet18)",Flower102,cosine,Logits,Adversarial,test,10
0.20102962851524353,0.00011685490608215332,"pretrain(resnet18,imagenet-1k)->transfer(Flower102,0.5)","pretrain(resnet18,imagenet-1k)->transfer(Flower102,0.1)->distill()",Flower102,cosine,Logits,Adversarial,test,10
7.152557657263969e-8,0.0001036222092807293,"pretrain(resnet18,imagenet-1k)->transfer(Flower102,0.5)","pretrain(resnet18,imagenet-1k)->transfer(Flower102,0.5)",Flower102,cosine,Logits,Adversarial,test,10
0.12804976105690002,0.00010533607564866543,"pretrain(resnet18,imagenet-1k)->transfer(Flower102,0.5)","pretrain(resnet18,imagenet-1k)->transfer(Flower102,0.5)->prune(0.2)",Flower102,cosine,Logits,Adversarial,test,10
0.12643462419509888,0.00010373815894126892,"pretrain(resnet18,imagenet-1k)->transfer(Flower102,0.5)","pretrain(resnet18,imagenet-1k)->transfer(Flower102,0.5)->prune(0.5)",Flower102,cosine,Logits,Adversarial,test,10
0.13347551226615906,0.00012383097782731056,"pretrain(resnet18,imagenet-1k)->transfer(Flower102,0.5)","pretrain(resnet18,imagenet-1k)->transfer(Flower102,0.5)->prune(0.8)",Flower102,cosine,Logits,Adversarial,test,10
0.105735644698143,0.00010612094774842262,"pretrain(resnet18,imagenet-1k)->transfer(Flower102,0.5)","pretrain(resnet18,imagenet-1k)->transfer(Flower102,0.5)->quantize(float16)",Flower102,cosine,Logits,Adversarial,test,10
0.10575143247842789,0.0001070820726454258,"pretrain(resnet18,imagenet-1k)->transfer(Flower102,0.5)","pretrain(resnet18,imagenet-1k)->transfer(Flower102,0.5)->quantize(qint8)",Flower102,cosine,Logits,Adversarial,test,10
0.45374107360839844,0.00011291098780930042,"pretrain(resnet18,imagenet-1k)->transfer(Flower102,0.5)","pretrain(resnet18,imagenet-1k)->transfer(Flower102,0.5)->steal(mbnetv2)",Flower102,cosine,Logits,Adversarial,test,10
0.4673396646976471,0.00011300691403448582,"pretrain(resnet18,imagenet-1k)->transfer(Flower102,0.5)","pretrain(resnet18,imagenet-1k)->transfer(Flower102,0.5)->steal(resnet18)",Flower102,cosine,Logits,Adversarial,test,10
0.22520756721496582,0.00010576611384749413,"pretrain(resnet18,imagenet-1k)->transfer(Flower102,0.5)","pretrain(resnet18,imagenet-1k)->transfer(Flower102,0.5)->distill()",Flower102,cosine,Logits,Adversarial,test,10
0.1157853826880455,0.00010534795001149178,"pretrain(resnet18,imagenet-1k)->transfer(Flower102,0.5)","pretrain(resnet18,imagenet-1k)->transfer(Flower102,1.0)",Flower102,cosine,Logits,Adversarial,test,10
0.15605835616588593,0.00011138897389173508,"pretrain(resnet18,imagenet-1k)->transfer(Flower102,0.5)","pretrain(resnet18,imagenet-1k)->transfer(Flower102,1.0)->prune(0.2)",Flower102,cosine,Logits,Adversarial,test,10
0.1518082171678543,0.00011857878416776657,"pretrain(resnet18,imagenet-1k)->transfer(Flower102,0.5)","pretrain(resnet18,imagenet-1k)->transfer(Flower102,1.0)->prune(0.5)",Flower102,cosine,Logits,Adversarial,test,10
0.15570583939552307,0.00011965911835432053,"pretrain(resnet18,imagenet-1k)->transfer(Flower102,0.5)","pretrain(resnet18,imagenet-1k)->transfer(Flower102,1.0)->prune(0.8)",Flower102,cosine,Logits,Adversarial,test,10
0.13652871549129486,0.0001054129097610712,"pretrain(resnet18,imagenet-1k)->transfer(Flower102,0.5)","pretrain(resnet18,imagenet-1k)->transfer(Flower102,1.0)->quantize(float16)",Flower102,cosine,Logits,Adversarial,test,10
0.13658471405506134,0.0001134839840233326,"pretrain(resnet18,imagenet-1k)->transfer(Flower102,0.5)","pretrain(resnet18,imagenet-1k)->transfer(Flower102,1.0)->quantize(qint8)",Flower102,cosine,Logits,Adversarial,test,10
0.4606538712978363,0.00011107604950666428,"pretrain(resnet18,imagenet-1k)->transfer(Flower102,0.5)","pretrain(resnet18,imagenet-1k)->transfer(Flower102,1.0)->steal(mbnetv2)",Flower102,cosine,Logits,Adversarial,test,10
0.4889141917228699,0.0001210200134664774,"pretrain(resnet18,imagenet-1k)->transfer(Flower102,0.5)","pretrain(resnet18,imagenet-1k)->transfer(Flower102,1.0)->steal(resnet18)",Flower102,cosine,Logits,Adversarial,test,10
0.28847017884254456,0.00010505993850529194,"pretrain(resnet18,imagenet-1k)->transfer(Flower102,0.5)","pretrain(resnet18,imagenet-1k)->transfer(Flower102,1.0)->distill()",Flower102,cosine,Logits,Adversarial,test,10
0.5948881506919861,0.00010648905299603939,"pretrain(resnet18,imagenet-1k)->transfer(Flower102,0.5)","train(mbnetv2,Flower102)",Flower102,cosine,Logits,Adversarial,test,10
0.5957506895065308,0.00010652001947164536,"pretrain(resnet18,imagenet-1k)->transfer(Flower102,0.5)","train(mbnetv2,Flower102)->prune(0.2)",Flower102,cosine,Logits,Adversarial,test,10
0.6084033846855164,0.0001260151620954275,"pretrain(resnet18,imagenet-1k)->transfer(Flower102,0.5)","train(mbnetv2,Flower102)->prune(0.5)",Flower102,cosine,Logits,Adversarial,test,10
0.5481162667274475,0.00010480196215212345,"pretrain(resnet18,imagenet-1k)->transfer(Flower102,0.5)","train(mbnetv2,Flower102)->prune(0.8)",Flower102,cosine,Logits,Adversarial,test,10
0.5094271898269653,0.00010607996955513954,"pretrain(resnet18,imagenet-1k)->transfer(Flower102,0.5)","train(mbnetv2,Flower102)->steal(mbnetv2)",Flower102,cosine,Logits,Adversarial,test,10
0.5558129549026489,0.00011426792480051517,"pretrain(resnet18,imagenet-1k)->transfer(Flower102,0.5)","train(mbnetv2,Flower102)->steal(resnet18)",Flower102,cosine,Logits,Adversarial,test,10
0.5817872285842896,0.00011205300688743591,"pretrain(resnet18,imagenet-1k)->transfer(Flower102,0.5)","train(mbnetv2,Flower102)->distill()",Flower102,cosine,Logits,Adversarial,test,10
0.5871890187263489,0.00011105393059551716,"pretrain(resnet18,imagenet-1k)->transfer(Flower102,0.5)","train(resnet18,Flower102)",Flower102,cosine,Logits,Adversarial,test,10
0.5930719375610352,0.00010504107922315598,"pretrain(resnet18,imagenet-1k)->transfer(Flower102,0.5)","train(resnet18,Flower102)->prune(0.2)",Flower102,cosine,Logits,Adversarial,test,10
0.5986906886100769,0.00010915985330939293,"pretrain(resnet18,imagenet-1k)->transfer(Flower102,0.5)","train(resnet18,Flower102)->prune(0.5)",Flower102,cosine,Logits,Adversarial,test,10
0.6114616394042969,0.0001158490777015686,"pretrain(resnet18,imagenet-1k)->transfer(Flower102,0.5)","train(resnet18,Flower102)->prune(0.8)",Flower102,cosine,Logits,Adversarial,test,10
0.5193498730659485,0.00011307117529213428,"pretrain(resnet18,imagenet-1k)->transfer(Flower102,0.5)","train(resnet18,Flower102)->steal(mbnetv2)",Flower102,cosine,Logits,Adversarial,test,10
0.5488605499267578,0.00011936412192881107,"pretrain(resnet18,imagenet-1k)->transfer(Flower102,0.5)","train(resnet18,Flower102)->steal(resnet18)",Flower102,cosine,Logits,Adversarial,test,10
0.5932348966598511,0.0001310028601437807,"pretrain(resnet18,imagenet-1k)->transfer(Flower102,0.5)","train(resnet18,Flower102)->distill()",Flower102,cosine,Logits,Adversarial,test,10
0.3081783652305603,0.00019382592290639877,"pretrain(resnet18,imagenet-1k)->transfer(Flower102,1.0)","pretrain(mbnetv2,imagenet-1k)->transfer(Flower102,0.1)",Flower102,cosine,Logits,Adversarial,test,10
0.34423738718032837,0.00012916605919599533,"pretrain(resnet18,imagenet-1k)->transfer(Flower102,1.0)","pretrain(mbnetv2,imagenet-1k)->transfer(Flower102,0.1)->prune(0.2)",Flower102,cosine,Logits,Adversarial,test,10
0.3964272141456604,0.0001278908457607031,"pretrain(resnet18,imagenet-1k)->transfer(Flower102,1.0)","pretrain(mbnetv2,imagenet-1k)->transfer(Flower102,0.1)->prune(0.5)",Flower102,cosine,Logits,Adversarial,test,10
0.5105816721916199,0.00011058803647756577,"pretrain(resnet18,imagenet-1k)->transfer(Flower102,1.0)","pretrain(mbnetv2,imagenet-1k)->transfer(Flower102,0.1)->prune(0.8)",Flower102,cosine,Logits,Adversarial,test,10
0.308178573846817,0.00010866508819162846,"pretrain(resnet18,imagenet-1k)->transfer(Flower102,1.0)","pretrain(mbnetv2,imagenet-1k)->transfer(Flower102,0.1)->quantize(float16)",Flower102,cosine,Logits,Adversarial,test,10
0.30813974142074585,0.0001083968672901392,"pretrain(resnet18,imagenet-1k)->transfer(Flower102,1.0)","pretrain(mbnetv2,imagenet-1k)->transfer(Flower102,0.1)->quantize(qint8)",Flower102,cosine,Logits,Adversarial,test,10
0.43042507767677307,0.00010925903916358948,"pretrain(resnet18,imagenet-1k)->transfer(Flower102,1.0)","pretrain(mbnetv2,imagenet-1k)->transfer(Flower102,0.1)->steal(mbnetv2)",Flower102,cosine,Logits,Adversarial,test,10
0.456800639629364,0.00010557705536484718,"pretrain(resnet18,imagenet-1k)->transfer(Flower102,1.0)","pretrain(mbnetv2,imagenet-1k)->transfer(Flower102,0.1)->steal(resnet18)",Flower102,cosine,Logits,Adversarial,test,10
0.47256189584732056,0.00010551209561526775,"pretrain(resnet18,imagenet-1k)->transfer(Flower102,1.0)","pretrain(mbnetv2,imagenet-1k)->transfer(Flower102,0.1)->distill()",Flower102,cosine,Logits,Adversarial,test,10
0.3777492046356201,0.00011452706530690193,"pretrain(resnet18,imagenet-1k)->transfer(Flower102,1.0)","pretrain(mbnetv2,imagenet-1k)->transfer(Flower102,0.5)",Flower102,cosine,Logits,Adversarial,test,10
0.4041602611541748,0.00010750000365078449,"pretrain(resnet18,imagenet-1k)->transfer(Flower102,1.0)","pretrain(mbnetv2,imagenet-1k)->transfer(Flower102,0.5)->prune(0.2)",Flower102,cosine,Logits,Adversarial,test,10
0.4082581400871277,0.0001073859166353941,"pretrain(resnet18,imagenet-1k)->transfer(Flower102,1.0)","pretrain(mbnetv2,imagenet-1k)->transfer(Flower102,0.5)->prune(0.5)",Flower102,cosine,Logits,Adversarial,test,10
0.5363515615463257,0.0001227380707859993,"pretrain(resnet18,imagenet-1k)->transfer(Flower102,1.0)","pretrain(mbnetv2,imagenet-1k)->transfer(Flower102,0.5)->prune(0.8)",Flower102,cosine,Logits,Adversarial,test,10
0.37774696946144104,0.00010576890781521797,"pretrain(resnet18,imagenet-1k)->transfer(Flower102,1.0)","pretrain(mbnetv2,imagenet-1k)->transfer(Flower102,0.5)->quantize(float16)",Flower102,cosine,Logits,Adversarial,test,10
0.3777889907360077,0.0001117901410907507,"pretrain(resnet18,imagenet-1k)->transfer(Flower102,1.0)","pretrain(mbnetv2,imagenet-1k)->transfer(Flower102,0.5)->quantize(qint8)",Flower102,cosine,Logits,Adversarial,test,10
0.4914434552192688,0.00010862108319997787,"pretrain(resnet18,imagenet-1k)->transfer(Flower102,1.0)","pretrain(mbnetv2,imagenet-1k)->transfer(Flower102,0.5)->steal(mbnetv2)",Flower102,cosine,Logits,Adversarial,test,10
0.5016366243362427,0.00012050499208271503,"pretrain(resnet18,imagenet-1k)->transfer(Flower102,1.0)","pretrain(mbnetv2,imagenet-1k)->transfer(Flower102,0.5)->steal(resnet18)",Flower102,cosine,Logits,Adversarial,test,10
0.4249958395957947,0.00011448096483945847,"pretrain(resnet18,imagenet-1k)->transfer(Flower102,1.0)","pretrain(mbnetv2,imagenet-1k)->transfer(Flower102,0.5)->distill()",Flower102,cosine,Logits,Adversarial,test,10
0.3645417094230652,0.00010527507402002811,"pretrain(resnet18,imagenet-1k)->transfer(Flower102,1.0)","pretrain(mbnetv2,imagenet-1k)->transfer(Flower102,1.0)",Flower102,cosine,Logits,Adversarial,test,10
0.38851872086524963,0.00010863388888537884,"pretrain(resnet18,imagenet-1k)->transfer(Flower102,1.0)","pretrain(mbnetv2,imagenet-1k)->transfer(Flower102,1.0)->prune(0.2)",Flower102,cosine,Logits,Adversarial,test,10
0.40296775102615356,0.00010689487680792809,"pretrain(resnet18,imagenet-1k)->transfer(Flower102,1.0)","pretrain(mbnetv2,imagenet-1k)->transfer(Flower102,1.0)->prune(0.5)",Flower102,cosine,Logits,Adversarial,test,10
0.5533803701400757,0.00010516191832721233,"pretrain(resnet18,imagenet-1k)->transfer(Flower102,1.0)","pretrain(mbnetv2,imagenet-1k)->transfer(Flower102,1.0)->prune(0.8)",Flower102,cosine,Logits,Adversarial,test,10
0.3645406663417816,0.0001101240050047636,"pretrain(resnet18,imagenet-1k)->transfer(Flower102,1.0)","pretrain(mbnetv2,imagenet-1k)->transfer(Flower102,1.0)->quantize(float16)",Flower102,cosine,Logits,Adversarial,test,10
0.36446064710617065,0.00010760407894849777,"pretrain(resnet18,imagenet-1k)->transfer(Flower102,1.0)","pretrain(mbnetv2,imagenet-1k)->transfer(Flower102,1.0)->quantize(qint8)",Flower102,cosine,Logits,Adversarial,test,10
0.466359943151474,0.00010541710071265697,"pretrain(resnet18,imagenet-1k)->transfer(Flower102,1.0)","pretrain(mbnetv2,imagenet-1k)->transfer(Flower102,1.0)->steal(mbnetv2)",Flower102,cosine,Logits,Adversarial,test,10
0.49751225113868713,0.00010510510765016079,"pretrain(resnet18,imagenet-1k)->transfer(Flower102,1.0)","pretrain(mbnetv2,imagenet-1k)->transfer(Flower102,1.0)->steal(resnet18)",Flower102,cosine,Logits,Adversarial,test,10
0.5002099275588989,0.00010627205483615398,"pretrain(resnet18,imagenet-1k)->transfer(Flower102,1.0)","pretrain(mbnetv2,imagenet-1k)->transfer(Flower102,1.0)->distill()",Flower102,cosine,Logits,Adversarial,test,10
0.13412249088287354,0.0001054729800671339,"pretrain(resnet18,imagenet-1k)->transfer(Flower102,1.0)","pretrain(resnet18,imagenet-1k)->transfer(Flower102,0.1)",Flower102,cosine,Logits,Adversarial,test,10
0.11073217540979385,0.0001044529490172863,"pretrain(resnet18,imagenet-1k)->transfer(Flower102,1.0)","pretrain(resnet18,imagenet-1k)->transfer(Flower102,0.1)->prune(0.2)",Flower102,cosine,Logits,Adversarial,test,10
0.11163649708032608,0.000103785190731287,"pretrain(resnet18,imagenet-1k)->transfer(Flower102,1.0)","pretrain(resnet18,imagenet-1k)->transfer(Flower102,0.1)->prune(0.5)",Flower102,cosine,Logits,Adversarial,test,10
0.1519312560558319,0.00010573095642030239,"pretrain(resnet18,imagenet-1k)->transfer(Flower102,1.0)","pretrain(resnet18,imagenet-1k)->transfer(Flower102,0.1)->prune(0.8)",Flower102,cosine,Logits,Adversarial,test,10
0.13412410020828247,0.00010360195301473141,"pretrain(resnet18,imagenet-1k)->transfer(Flower102,1.0)","pretrain(resnet18,imagenet-1k)->transfer(Flower102,0.1)->quantize(float16)",Flower102,cosine,Logits,Adversarial,test,10
0.13404427468776703,0.00010592094622552395,"pretrain(resnet18,imagenet-1k)->transfer(Flower102,1.0)","pretrain(resnet18,imagenet-1k)->transfer(Flower102,0.1)->quantize(qint8)",Flower102,cosine,Logits,Adversarial,test,10
0.3894786238670349,0.00010667415335774422,"pretrain(resnet18,imagenet-1k)->transfer(Flower102,1.0)","pretrain(resnet18,imagenet-1k)->transfer(Flower102,0.1)->steal(mbnetv2)",Flower102,cosine,Logits,Adversarial,test,10
0.4064443111419678,0.00010405783541500568,"pretrain(resnet18,imagenet-1k)->transfer(Flower102,1.0)","pretrain(resnet18,imagenet-1k)->transfer(Flower102,0.1)->steal(resnet18)",Flower102,cosine,Logits,Adversarial,test,10
0.23158414661884308,0.00010647694580256939,"pretrain(resnet18,imagenet-1k)->transfer(Flower102,1.0)","pretrain(resnet18,imagenet-1k)->transfer(Flower102,0.1)->distill()",Flower102,cosine,Logits,Adversarial,test,10
0.11766140162944794,0.00011028489097952843,"pretrain(resnet18,imagenet-1k)->transfer(Flower102,1.0)","pretrain(resnet18,imagenet-1k)->transfer(Flower102,0.5)",Flower102,cosine,Logits,Adversarial,test,10
0.15496762096881866,0.00011244788765907288,"pretrain(resnet18,imagenet-1k)->transfer(Flower102,1.0)","pretrain(resnet18,imagenet-1k)->transfer(Flower102,0.5)->prune(0.2)",Flower102,cosine,Logits,Adversarial,test,10
0.1501801311969757,0.00011439109221100807,"pretrain(resnet18,imagenet-1k)->transfer(Flower102,1.0)","pretrain(resnet18,imagenet-1k)->transfer(Flower102,0.5)->prune(0.5)",Flower102,cosine,Logits,Adversarial,test,10
0.17290149629116058,0.00010433210991322994,"pretrain(resnet18,imagenet-1k)->transfer(Flower102,1.0)","pretrain(resnet18,imagenet-1k)->transfer(Flower102,0.5)->prune(0.8)",Flower102,cosine,Logits,Adversarial,test,10
0.13753536343574524,0.00010727904736995697,"pretrain(resnet18,imagenet-1k)->transfer(Flower102,1.0)","pretrain(resnet18,imagenet-1k)->transfer(Flower102,0.5)->quantize(float16)",Flower102,cosine,Logits,Adversarial,test,10
0.1375584602355957,0.00011175405234098434,"pretrain(resnet18,imagenet-1k)->transfer(Flower102,1.0)","pretrain(resnet18,imagenet-1k)->transfer(Flower102,0.5)->quantize(qint8)",Flower102,cosine,Logits,Adversarial,test,10
0.5012836456298828,0.00010436587035655975,"pretrain(resnet18,imagenet-1k)->transfer(Flower102,1.0)","pretrain(resnet18,imagenet-1k)->transfer(Flower102,0.5)->steal(mbnetv2)",Flower102,cosine,Logits,Adversarial,test,10
0.4784463942050934,0.0001074490137398243,"pretrain(resnet18,imagenet-1k)->transfer(Flower102,1.0)","pretrain(resnet18,imagenet-1k)->transfer(Flower102,0.5)->steal(resnet18)",Flower102,cosine,Logits,Adversarial,test,10
0.26440316438674927,0.00010655797086656094,"pretrain(resnet18,imagenet-1k)->transfer(Flower102,1.0)","pretrain(resnet18,imagenet-1k)->transfer(Flower102,0.5)->distill()",Flower102,cosine,Logits,Adversarial,test,10
7.152557657263969e-8,0.00011381087824702263,"pretrain(resnet18,imagenet-1k)->transfer(Flower102,1.0)","pretrain(resnet18,imagenet-1k)->transfer(Flower102,1.0)",Flower102,cosine,Logits,Adversarial,test,10
0.16767457127571106,0.00011501298286020756,"pretrain(resnet18,imagenet-1k)->transfer(Flower102,1.0)","pretrain(resnet18,imagenet-1k)->transfer(Flower102,1.0)->prune(0.2)",Flower102,cosine,Logits,Adversarial,test,10
0.16396531462669373,0.00011068186722695827,"pretrain(resnet18,imagenet-1k)->transfer(Flower102,1.0)","pretrain(resnet18,imagenet-1k)->transfer(Flower102,1.0)->prune(0.5)",Flower102,cosine,Logits,Adversarial,test,10
0.18238064646720886,0.00011362601071596146,"pretrain(resnet18,imagenet-1k)->transfer(Flower102,1.0)","pretrain(resnet18,imagenet-1k)->transfer(Flower102,1.0)->prune(0.8)",Flower102,cosine,Logits,Adversarial,test,10
0.15020059049129486,0.00011030398309230804,"pretrain(resnet18,imagenet-1k)->transfer(Flower102,1.0)","pretrain(resnet18,imagenet-1k)->transfer(Flower102,1.0)->quantize(float16)",Flower102,cosine,Logits,Adversarial,test,10
0.15019306540489197,0.00012097111903131008,"pretrain(resnet18,imagenet-1k)->transfer(Flower102,1.0)","pretrain(resnet18,imagenet-1k)->transfer(Flower102,1.0)->quantize(qint8)",Flower102,cosine,Logits,Adversarial,test,10
0.49098673462867737,0.00010627182200551033,"pretrain(resnet18,imagenet-1k)->transfer(Flower102,1.0)","pretrain(resnet18,imagenet-1k)->transfer(Flower102,1.0)->steal(mbnetv2)",Flower102,cosine,Logits,Adversarial,test,10
0.5024406313896179,0.00010725297033786774,"pretrain(resnet18,imagenet-1k)->transfer(Flower102,1.0)","pretrain(resnet18,imagenet-1k)->transfer(Flower102,1.0)->steal(resnet18)",Flower102,cosine,Logits,Adversarial,test,10
0.31540197134017944,0.00010739988647401333,"pretrain(resnet18,imagenet-1k)->transfer(Flower102,1.0)","pretrain(resnet18,imagenet-1k)->transfer(Flower102,1.0)->distill()",Flower102,cosine,Logits,Adversarial,test,10
0.6465080976486206,0.00011681811884045601,"pretrain(resnet18,imagenet-1k)->transfer(Flower102,1.0)","train(mbnetv2,Flower102)",Flower102,cosine,Logits,Adversarial,test,10
0.6434687376022339,0.0002673240378499031,"pretrain(resnet18,imagenet-1k)->transfer(Flower102,1.0)","train(mbnetv2,Flower102)->prune(0.2)",Flower102,cosine,Logits,Adversarial,test,10
0.6443287134170532,0.0001133698970079422,"pretrain(resnet18,imagenet-1k)->transfer(Flower102,1.0)","train(mbnetv2,Flower102)->prune(0.5)",Flower102,cosine,Logits,Adversarial,test,10
0.555644154548645,0.00011474685743451118,"pretrain(resnet18,imagenet-1k)->transfer(Flower102,1.0)","train(mbnetv2,Flower102)->prune(0.8)",Flower102,cosine,Logits,Adversarial,test,10
0.5425928831100464,0.00016617798246443272,"pretrain(resnet18,imagenet-1k)->transfer(Flower102,1.0)","train(mbnetv2,Flower102)->steal(mbnetv2)",Flower102,cosine,Logits,Adversarial,test,10
0.6253001093864441,0.0001157859805971384,"pretrain(resnet18,imagenet-1k)->transfer(Flower102,1.0)","train(mbnetv2,Flower102)->steal(resnet18)",Flower102,cosine,Logits,Adversarial,test,10
0.6008154153823853,0.00010967208072543144,"pretrain(resnet18,imagenet-1k)->transfer(Flower102,1.0)","train(mbnetv2,Flower102)->distill()",Flower102,cosine,Logits,Adversarial,test,10
0.6071010231971741,0.0001126329880207777,"pretrain(resnet18,imagenet-1k)->transfer(Flower102,1.0)","train(resnet18,Flower102)",Flower102,cosine,Logits,Adversarial,test,10
0.6397234797477722,0.00010642502456903458,"pretrain(resnet18,imagenet-1k)->transfer(Flower102,1.0)","train(resnet18,Flower102)->prune(0.2)",Flower102,cosine,Logits,Adversarial,test,10
0.6347243189811707,0.00010484503582119942,"pretrain(resnet18,imagenet-1k)->transfer(Flower102,1.0)","train(resnet18,Flower102)->prune(0.5)",Flower102,cosine,Logits,Adversarial,test,10
0.6240567564964294,0.00010493583977222443,"pretrain(resnet18,imagenet-1k)->transfer(Flower102,1.0)","train(resnet18,Flower102)->prune(0.8)",Flower102,cosine,Logits,Adversarial,test,10
0.6048034429550171,0.00011620507575571537,"pretrain(resnet18,imagenet-1k)->transfer(Flower102,1.0)","train(resnet18,Flower102)->steal(mbnetv2)",Flower102,cosine,Logits,Adversarial,test,10
0.5796648263931274,0.000120930140838027,"pretrain(resnet18,imagenet-1k)->transfer(Flower102,1.0)","train(resnet18,Flower102)->steal(resnet18)",Flower102,cosine,Logits,Adversarial,test,10
0.6219261884689331,0.00010832119733095169,"pretrain(resnet18,imagenet-1k)->transfer(Flower102,1.0)","train(resnet18,Flower102)->distill()",Flower102,cosine,Logits,Adversarial,test,10
0.580498993396759,0.00018881680443882942,"train(mbnetv2,Flower102)","pretrain(mbnetv2,imagenet-1k)->transfer(Flower102,0.1)",Flower102,cosine,Logits,Adversarial,test,10
0.5577243566513062,0.00013953214511275291,"train(mbnetv2,Flower102)","pretrain(mbnetv2,imagenet-1k)->transfer(Flower102,0.1)->prune(0.2)",Flower102,cosine,Logits,Adversarial,test,10
0.5626213550567627,0.0001137701328843832,"train(mbnetv2,Flower102)","pretrain(mbnetv2,imagenet-1k)->transfer(Flower102,0.1)->prune(0.5)",Flower102,cosine,Logits,Adversarial,test,10
0.5888752937316895,0.0001257860567420721,"train(mbnetv2,Flower102)","pretrain(mbnetv2,imagenet-1k)->transfer(Flower102,0.1)->prune(0.8)",Flower102,cosine,Logits,Adversarial,test,10
0.5804981589317322,0.00010727019980549812,"train(mbnetv2,Flower102)","pretrain(mbnetv2,imagenet-1k)->transfer(Flower102,0.1)->quantize(float16)",Flower102,cosine,Logits,Adversarial,test,10
0.580575168132782,0.00011086487211287022,"train(mbnetv2,Flower102)","pretrain(mbnetv2,imagenet-1k)->transfer(Flower102,0.1)->quantize(qint8)",Flower102,cosine,Logits,Adversarial,test,10
0.4254818558692932,0.00011667516082525253,"train(mbnetv2,Flower102)","pretrain(mbnetv2,imagenet-1k)->transfer(Flower102,0.1)->steal(mbnetv2)",Flower102,cosine,Logits,Adversarial,test,10
0.40694093704223633,0.00010927394032478333,"train(mbnetv2,Flower102)","pretrain(mbnetv2,imagenet-1k)->transfer(Flower102,0.1)->steal(resnet18)",Flower102,cosine,Logits,Adversarial,test,10
0.5190861821174622,0.00010668998584151268,"train(mbnetv2,Flower102)","pretrain(mbnetv2,imagenet-1k)->transfer(Flower102,0.1)->distill()",Flower102,cosine,Logits,Adversarial,test,10
0.5677579641342163,0.00010493211448192596,"train(mbnetv2,Flower102)","pretrain(mbnetv2,imagenet-1k)->transfer(Flower102,0.5)",Flower102,cosine,Logits,Adversarial,test,10
0.5602918863296509,0.000104149105027318,"train(mbnetv2,Flower102)","pretrain(mbnetv2,imagenet-1k)->transfer(Flower102,0.5)->prune(0.2)",Flower102,cosine,Logits,Adversarial,test,10
0.5702551007270813,0.00010548112913966179,"train(mbnetv2,Flower102)","pretrain(mbnetv2,imagenet-1k)->transfer(Flower102,0.5)->prune(0.5)",Flower102,cosine,Logits,Adversarial,test,10
0.5975610613822937,0.00010489905253052711,"train(mbnetv2,Flower102)","pretrain(mbnetv2,imagenet-1k)->transfer(Flower102,0.5)->prune(0.8)",Flower102,cosine,Logits,Adversarial,test,10
0.5677555799484253,0.0001147810835391283,"train(mbnetv2,Flower102)","pretrain(mbnetv2,imagenet-1k)->transfer(Flower102,0.5)->quantize(float16)",Flower102,cosine,Logits,Adversarial,test,10
0.5676406621932983,0.00010470603592693806,"train(mbnetv2,Flower102)","pretrain(mbnetv2,imagenet-1k)->transfer(Flower102,0.5)->quantize(qint8)",Flower102,cosine,Logits,Adversarial,test,10
0.3745536208152771,0.00010698288679122925,"train(mbnetv2,Flower102)","pretrain(mbnetv2,imagenet-1k)->transfer(Flower102,0.5)->steal(mbnetv2)",Flower102,cosine,Logits,Adversarial,test,10
0.3736736476421356,0.00011010211892426014,"train(mbnetv2,Flower102)","pretrain(mbnetv2,imagenet-1k)->transfer(Flower102,0.5)->steal(resnet18)",Flower102,cosine,Logits,Adversarial,test,10
0.5226953029632568,0.00011364207603037357,"train(mbnetv2,Flower102)","pretrain(mbnetv2,imagenet-1k)->transfer(Flower102,0.5)->distill()",Flower102,cosine,Logits,Adversarial,test,10
0.5491375923156738,0.0001056022010743618,"train(mbnetv2,Flower102)","pretrain(mbnetv2,imagenet-1k)->transfer(Flower102,1.0)",Flower102,cosine,Logits,Adversarial,test,10
0.5556578636169434,0.0001050429418683052,"train(mbnetv2,Flower102)","pretrain(mbnetv2,imagenet-1k)->transfer(Flower102,1.0)->prune(0.2)",Flower102,cosine,Logits,Adversarial,test,10
0.5632767677307129,0.00010786205530166626,"train(mbnetv2,Flower102)","pretrain(mbnetv2,imagenet-1k)->transfer(Flower102,1.0)->prune(0.5)",Flower102,cosine,Logits,Adversarial,test,10
0.5940855741500854,0.00010494096204638481,"train(mbnetv2,Flower102)","pretrain(mbnetv2,imagenet-1k)->transfer(Flower102,1.0)->prune(0.8)",Flower102,cosine,Logits,Adversarial,test,10
0.5491403341293335,0.00010457215830683708,"train(mbnetv2,Flower102)","pretrain(mbnetv2,imagenet-1k)->transfer(Flower102,1.0)->quantize(float16)",Flower102,cosine,Logits,Adversarial,test,10
0.5494274497032166,0.00011387490667402744,"train(mbnetv2,Flower102)","pretrain(mbnetv2,imagenet-1k)->transfer(Flower102,1.0)->quantize(qint8)",Flower102,cosine,Logits,Adversarial,test,10
0.39336857199668884,0.00010455399751663208,"train(mbnetv2,Flower102)","pretrain(mbnetv2,imagenet-1k)->transfer(Flower102,1.0)->steal(mbnetv2)",Flower102,cosine,Logits,Adversarial,test,10
0.379285991191864,0.000103779137134552,"train(mbnetv2,Flower102)","pretrain(mbnetv2,imagenet-1k)->transfer(Flower102,1.0)->steal(resnet18)",Flower102,cosine,Logits,Adversarial,test,10
0.5526410341262817,0.0001037220936268568,"train(mbnetv2,Flower102)","pretrain(mbnetv2,imagenet-1k)->transfer(Flower102,1.0)->distill()",Flower102,cosine,Logits,Adversarial,test,10
0.6068978905677795,0.00010565784759819508,"train(mbnetv2,Flower102)","pretrain(resnet18,imagenet-1k)->transfer(Flower102,0.1)",Flower102,cosine,Logits,Adversarial,test,10
0.5759532451629639,0.00010992493480443954,"train(mbnetv2,Flower102)","pretrain(resnet18,imagenet-1k)->transfer(Flower102,0.1)->prune(0.2)",Flower102,cosine,Logits,Adversarial,test,10
0.5686463117599487,0.00010415399447083473,"train(mbnetv2,Flower102)","pretrain(resnet18,imagenet-1k)->transfer(Flower102,0.1)->prune(0.5)",Flower102,cosine,Logits,Adversarial,test,10
0.5479334592819214,0.0001029791310429573,"train(mbnetv2,Flower102)","pretrain(resnet18,imagenet-1k)->transfer(Flower102,0.1)->prune(0.8)",Flower102,cosine,Logits,Adversarial,test,10
0.6068890690803528,0.00010251603089272976,"train(mbnetv2,Flower102)","pretrain(resnet18,imagenet-1k)->transfer(Flower102,0.1)->quantize(float16)",Flower102,cosine,Logits,Adversarial,test,10
0.6067065000534058,0.00010222801938652992,"train(mbnetv2,Flower102)","pretrain(resnet18,imagenet-1k)->transfer(Flower102,0.1)->quantize(qint8)",Flower102,cosine,Logits,Adversarial,test,10
0.44638291001319885,0.00010325806215405464,"train(mbnetv2,Flower102)","pretrain(resnet18,imagenet-1k)->transfer(Flower102,0.1)->steal(mbnetv2)",Flower102,cosine,Logits,Adversarial,test,10
0.45039916038513184,0.00010481406934559345,"train(mbnetv2,Flower102)","pretrain(resnet18,imagenet-1k)->transfer(Flower102,0.1)->steal(resnet18)",Flower102,cosine,Logits,Adversarial,test,10
0.5821354389190674,0.00010716798715293407,"train(mbnetv2,Flower102)","pretrain(resnet18,imagenet-1k)->transfer(Flower102,0.1)->distill()",Flower102,cosine,Logits,Adversarial,test,10
0.5560219287872314,0.00010498706251382828,"train(mbnetv2,Flower102)","pretrain(resnet18,imagenet-1k)->transfer(Flower102,0.5)",Flower102,cosine,Logits,Adversarial,test,10
0.5572699308395386,0.00011893804185092449,"train(mbnetv2,Flower102)","pretrain(resnet18,imagenet-1k)->transfer(Flower102,0.5)->prune(0.2)",Flower102,cosine,Logits,Adversarial,test,10
0.5503271818161011,0.0001038629561662674,"train(mbnetv2,Flower102)","pretrain(resnet18,imagenet-1k)->transfer(Flower102,0.5)->prune(0.5)",Flower102,cosine,Logits,Adversarial,test,10
0.549096405506134,0.00010690395720303059,"train(mbnetv2,Flower102)","pretrain(resnet18,imagenet-1k)->transfer(Flower102,0.5)->prune(0.8)",Flower102,cosine,Logits,Adversarial,test,10
0.5555624961853027,0.00010336400009691715,"train(mbnetv2,Flower102)","pretrain(resnet18,imagenet-1k)->transfer(Flower102,0.5)->quantize(float16)",Flower102,cosine,Logits,Adversarial,test,10
0.5548948645591736,0.00011560809798538685,"train(mbnetv2,Flower102)","pretrain(resnet18,imagenet-1k)->transfer(Flower102,0.5)->quantize(qint8)",Flower102,cosine,Logits,Adversarial,test,10
0.3950651288032532,0.00010373094119131565,"train(mbnetv2,Flower102)","pretrain(resnet18,imagenet-1k)->transfer(Flower102,0.5)->steal(mbnetv2)",Flower102,cosine,Logits,Adversarial,test,10
0.3412177562713623,0.00010739010758697987,"train(mbnetv2,Flower102)","pretrain(resnet18,imagenet-1k)->transfer(Flower102,0.5)->steal(resnet18)",Flower102,cosine,Logits,Adversarial,test,10
0.5307227969169617,0.00010370812378823757,"train(mbnetv2,Flower102)","pretrain(resnet18,imagenet-1k)->transfer(Flower102,0.5)->distill()",Flower102,cosine,Logits,Adversarial,test,10
0.554280161857605,0.00010501616634428501,"train(mbnetv2,Flower102)","pretrain(resnet18,imagenet-1k)->transfer(Flower102,1.0)",Flower102,cosine,Logits,Adversarial,test,10
0.5628736615180969,0.00010323501192033291,"train(mbnetv2,Flower102)","pretrain(resnet18,imagenet-1k)->transfer(Flower102,1.0)->prune(0.2)",Flower102,cosine,Logits,Adversarial,test,10
0.5555303692817688,0.00010825088247656822,"train(mbnetv2,Flower102)","pretrain(resnet18,imagenet-1k)->transfer(Flower102,1.0)->prune(0.5)",Flower102,cosine,Logits,Adversarial,test,10
0.5430086851119995,0.0001035081222653389,"train(mbnetv2,Flower102)","pretrain(resnet18,imagenet-1k)->transfer(Flower102,1.0)->prune(0.8)",Flower102,cosine,Logits,Adversarial,test,10
0.5579331517219543,0.0001044680830091238,"train(mbnetv2,Flower102)","pretrain(resnet18,imagenet-1k)->transfer(Flower102,1.0)->quantize(float16)",Flower102,cosine,Logits,Adversarial,test,10
0.5580836534500122,0.00010441988706588745,"train(mbnetv2,Flower102)","pretrain(resnet18,imagenet-1k)->transfer(Flower102,1.0)->quantize(qint8)",Flower102,cosine,Logits,Adversarial,test,10
0.3817117512226105,0.00010597007349133492,"train(mbnetv2,Flower102)","pretrain(resnet18,imagenet-1k)->transfer(Flower102,1.0)->steal(mbnetv2)",Flower102,cosine,Logits,Adversarial,test,10
0.34502753615379333,0.00010462384670972824,"train(mbnetv2,Flower102)","pretrain(resnet18,imagenet-1k)->transfer(Flower102,1.0)->steal(resnet18)",Flower102,cosine,Logits,Adversarial,test,10
0.5266497731208801,0.00010378798469901085,"train(mbnetv2,Flower102)","pretrain(resnet18,imagenet-1k)->transfer(Flower102,1.0)->distill()",Flower102,cosine,Logits,Adversarial,test,10
7.748603536583687e-8,0.00010143895633518696,"train(mbnetv2,Flower102)","train(mbnetv2,Flower102)",Flower102,cosine,Logits,Adversarial,test,10
0.011589455418288708,0.00010347110219299793,"train(mbnetv2,Flower102)","train(mbnetv2,Flower102)->prune(0.2)",Flower102,cosine,Logits,Adversarial,test,10
0.04031536728143692,0.0001033758744597435,"train(mbnetv2,Flower102)","train(mbnetv2,Flower102)->prune(0.5)",Flower102,cosine,Logits,Adversarial,test,10
0.2674255967140198,0.00011103600263595581,"train(mbnetv2,Flower102)","train(mbnetv2,Flower102)->prune(0.8)",Flower102,cosine,Logits,Adversarial,test,10
0.28831928968429565,0.00010356283746659756,"train(mbnetv2,Flower102)","train(mbnetv2,Flower102)->steal(mbnetv2)",Flower102,cosine,Logits,Adversarial,test,10
0.27583202719688416,0.00010298914276063442,"train(mbnetv2,Flower102)","train(mbnetv2,Flower102)->steal(resnet18)",Flower102,cosine,Logits,Adversarial,test,10
0.122634157538414,0.00010370789095759392,"train(mbnetv2,Flower102)","train(mbnetv2,Flower102)->distill()",Flower102,cosine,Logits,Adversarial,test,10
0.3507327139377594,0.00010311906225979328,"train(mbnetv2,Flower102)","train(resnet18,Flower102)",Flower102,cosine,Logits,Adversarial,test,10
0.41494473814964294,0.00012072501704096794,"train(mbnetv2,Flower102)","train(resnet18,Flower102)->prune(0.2)",Flower102,cosine,Logits,Adversarial,test,10
0.42042604088783264,0.00010313699021935463,"train(mbnetv2,Flower102)","train(resnet18,Flower102)->prune(0.5)",Flower102,cosine,Logits,Adversarial,test,10
0.40579190850257874,0.00010318099521100521,"train(mbnetv2,Flower102)","train(resnet18,Flower102)->prune(0.8)",Flower102,cosine,Logits,Adversarial,test,10
0.324312299489975,0.00010770512744784355,"train(mbnetv2,Flower102)","train(resnet18,Flower102)->steal(mbnetv2)",Flower102,cosine,Logits,Adversarial,test,10
0.32780641317367554,0.00010370300151407719,"train(mbnetv2,Flower102)","train(resnet18,Flower102)->steal(resnet18)",Flower102,cosine,Logits,Adversarial,test,10
0.3679860234260559,0.00010483292862772942,"train(mbnetv2,Flower102)","train(resnet18,Flower102)->distill()",Flower102,cosine,Logits,Adversarial,test,10
0.4654828906059265,0.0001857290044426918,"train(resnet18,Flower102)","pretrain(mbnetv2,imagenet-1k)->transfer(Flower102,0.1)",Flower102,cosine,Logits,Adversarial,test,10
0.4349965453147888,0.0001281960867345333,"train(resnet18,Flower102)","pretrain(mbnetv2,imagenet-1k)->transfer(Flower102,0.1)->prune(0.2)",Flower102,cosine,Logits,Adversarial,test,10
0.4219878613948822,0.00011091586202383041,"train(resnet18,Flower102)","pretrain(mbnetv2,imagenet-1k)->transfer(Flower102,0.1)->prune(0.5)",Flower102,cosine,Logits,Adversarial,test,10
0.5515412092208862,0.00010963692329823971,"train(resnet18,Flower102)","pretrain(mbnetv2,imagenet-1k)->transfer(Flower102,0.1)->prune(0.8)",Flower102,cosine,Logits,Adversarial,test,10
0.4654843807220459,0.00010790000669658184,"train(resnet18,Flower102)","pretrain(mbnetv2,imagenet-1k)->transfer(Flower102,0.1)->quantize(float16)",Flower102,cosine,Logits,Adversarial,test,10
0.4655730724334717,0.0001138660591095686,"train(resnet18,Flower102)","pretrain(mbnetv2,imagenet-1k)->transfer(Flower102,0.1)->quantize(qint8)",Flower102,cosine,Logits,Adversarial,test,10
0.32772448658943176,0.00010684388689696789,"train(resnet18,Flower102)","pretrain(mbnetv2,imagenet-1k)->transfer(Flower102,0.1)->steal(mbnetv2)",Flower102,cosine,Logits,Adversarial,test,10
0.28269171714782715,0.00011821999214589596,"train(resnet18,Flower102)","pretrain(mbnetv2,imagenet-1k)->transfer(Flower102,0.1)->steal(resnet18)",Flower102,cosine,Logits,Adversarial,test,10
0.4289851188659668,0.00011566211469471455,"train(resnet18,Flower102)","pretrain(mbnetv2,imagenet-1k)->transfer(Flower102,0.1)->distill()",Flower102,cosine,Logits,Adversarial,test,10
0.4301709234714508,0.00011284602805972099,"train(resnet18,Flower102)","pretrain(mbnetv2,imagenet-1k)->transfer(Flower102,0.5)",Flower102,cosine,Logits,Adversarial,test,10
0.40391555428504944,0.00011848402209579945,"train(resnet18,Flower102)","pretrain(mbnetv2,imagenet-1k)->transfer(Flower102,0.5)->prune(0.2)",Flower102,cosine,Logits,Adversarial,test,10
0.42521700263023376,0.00010830885730683804,"train(resnet18,Flower102)","pretrain(mbnetv2,imagenet-1k)->transfer(Flower102,0.5)->prune(0.5)",Flower102,cosine,Logits,Adversarial,test,10
0.563616156578064,0.00011965096928179264,"train(resnet18,Flower102)","pretrain(mbnetv2,imagenet-1k)->transfer(Flower102,0.5)->prune(0.8)",Flower102,cosine,Logits,Adversarial,test,10
0.43017369508743286,0.00011016614735126495,"train(resnet18,Flower102)","pretrain(mbnetv2,imagenet-1k)->transfer(Flower102,0.5)->quantize(float16)",Flower102,cosine,Logits,Adversarial,test,10
0.4299044609069824,0.00011250306852161884,"train(resnet18,Flower102)","pretrain(mbnetv2,imagenet-1k)->transfer(Flower102,0.5)->quantize(qint8)",Flower102,cosine,Logits,Adversarial,test,10
0.2724819481372833,0.00012100813910365105,"train(resnet18,Flower102)","pretrain(mbnetv2,imagenet-1k)->transfer(Flower102,0.5)->steal(mbnetv2)",Flower102,cosine,Logits,Adversarial,test,10
0.19182857871055603,0.00010601687245070934,"train(resnet18,Flower102)","pretrain(mbnetv2,imagenet-1k)->transfer(Flower102,0.5)->steal(resnet18)",Flower102,cosine,Logits,Adversarial,test,10
0.420808881521225,0.00012000394053757191,"train(resnet18,Flower102)","pretrain(mbnetv2,imagenet-1k)->transfer(Flower102,0.5)->distill()",Flower102,cosine,Logits,Adversarial,test,10
0.4230618476867676,0.00010414212010800838,"train(resnet18,Flower102)","pretrain(mbnetv2,imagenet-1k)->transfer(Flower102,1.0)",Flower102,cosine,Logits,Adversarial,test,10
0.3993628919124603,0.00011612498201429844,"train(resnet18,Flower102)","pretrain(mbnetv2,imagenet-1k)->transfer(Flower102,1.0)->prune(0.2)",Flower102,cosine,Logits,Adversarial,test,10
0.42440158128738403,0.0002438609953969717,"train(resnet18,Flower102)","pretrain(mbnetv2,imagenet-1k)->transfer(Flower102,1.0)->prune(0.5)",Flower102,cosine,Logits,Adversarial,test,10
0.5756121873855591,0.00010557007044553757,"train(resnet18,Flower102)","pretrain(mbnetv2,imagenet-1k)->transfer(Flower102,1.0)->prune(0.8)",Flower102,cosine,Logits,Adversarial,test,10
0.4230623245239258,0.0001151389442384243,"train(resnet18,Flower102)","pretrain(mbnetv2,imagenet-1k)->transfer(Flower102,1.0)->quantize(float16)",Flower102,cosine,Logits,Adversarial,test,10
0.42302170395851135,0.00010444293729960918,"train(resnet18,Flower102)","pretrain(mbnetv2,imagenet-1k)->transfer(Flower102,1.0)->quantize(qint8)",Flower102,cosine,Logits,Adversarial,test,10
0.27954864501953125,0.00013758288696408272,"train(resnet18,Flower102)","pretrain(mbnetv2,imagenet-1k)->transfer(Flower102,1.0)->steal(mbnetv2)",Flower102,cosine,Logits,Adversarial,test,10
0.1563173234462738,0.00010570907033979893,"train(resnet18,Flower102)","pretrain(mbnetv2,imagenet-1k)->transfer(Flower102,1.0)->steal(resnet18)",Flower102,cosine,Logits,Adversarial,test,10
0.4102957248687744,0.00010511092841625214,"train(resnet18,Flower102)","pretrain(mbnetv2,imagenet-1k)->transfer(Flower102,1.0)->distill()",Flower102,cosine,Logits,Adversarial,test,10
0.5344403982162476,0.00015963800251483917,"train(resnet18,Flower102)","pretrain(resnet18,imagenet-1k)->transfer(Flower102,0.1)",Flower102,cosine,Logits,Adversarial,test,10
0.4543400704860687,0.00010467786341905594,"train(resnet18,Flower102)","pretrain(resnet18,imagenet-1k)->transfer(Flower102,0.1)->prune(0.2)",Flower102,cosine,Logits,Adversarial,test,10
0.45720893144607544,0.00010587694123387337,"train(resnet18,Flower102)","pretrain(resnet18,imagenet-1k)->transfer(Flower102,0.1)->prune(0.5)",Flower102,cosine,Logits,Adversarial,test,10
0.4461323618888855,0.0002688069362193346,"train(resnet18,Flower102)","pretrain(resnet18,imagenet-1k)->transfer(Flower102,0.1)->prune(0.8)",Flower102,cosine,Logits,Adversarial,test,10
0.5344420075416565,0.00011030002497136593,"train(resnet18,Flower102)","pretrain(resnet18,imagenet-1k)->transfer(Flower102,0.1)->quantize(float16)",Flower102,cosine,Logits,Adversarial,test,10
0.5338594317436218,0.00026636989787220955,"train(resnet18,Flower102)","pretrain(resnet18,imagenet-1k)->transfer(Flower102,0.1)->quantize(qint8)",Flower102,cosine,Logits,Adversarial,test,10
0.3840002119541168,0.0001225569285452366,"train(resnet18,Flower102)","pretrain(resnet18,imagenet-1k)->transfer(Flower102,0.1)->steal(mbnetv2)",Flower102,cosine,Logits,Adversarial,test,10
0.35920411348342896,0.00010427995584905148,"train(resnet18,Flower102)","pretrain(resnet18,imagenet-1k)->transfer(Flower102,0.1)->steal(resnet18)",Flower102,cosine,Logits,Adversarial,test,10
0.46933063864707947,0.00010512606240808964,"train(resnet18,Flower102)","pretrain(resnet18,imagenet-1k)->transfer(Flower102,0.1)->distill()",Flower102,cosine,Logits,Adversarial,test,10
0.4932189881801605,0.0001119920052587986,"train(resnet18,Flower102)","pretrain(resnet18,imagenet-1k)->transfer(Flower102,0.5)",Flower102,cosine,Logits,Adversarial,test,10
0.4450603425502777,0.00010486016981303692,"train(resnet18,Flower102)","pretrain(resnet18,imagenet-1k)->transfer(Flower102,0.5)->prune(0.2)",Flower102,cosine,Logits,Adversarial,test,10
0.4463135600090027,0.00011565303429961205,"train(resnet18,Flower102)","pretrain(resnet18,imagenet-1k)->transfer(Flower102,0.5)->prune(0.5)",Flower102,cosine,Logits,Adversarial,test,10
0.45992550253868103,0.00010390393435955048,"train(resnet18,Flower102)","pretrain(resnet18,imagenet-1k)->transfer(Flower102,0.5)->prune(0.8)",Flower102,cosine,Logits,Adversarial,test,10
0.4696202278137207,0.0001041879877448082,"train(resnet18,Flower102)","pretrain(resnet18,imagenet-1k)->transfer(Flower102,0.5)->quantize(float16)",Flower102,cosine,Logits,Adversarial,test,10
0.4693776071071625,0.00025367806665599346,"train(resnet18,Flower102)","pretrain(resnet18,imagenet-1k)->transfer(Flower102,0.5)->quantize(qint8)",Flower102,cosine,Logits,Adversarial,test,10
0.26123136281967163,0.0001125880517065525,"train(resnet18,Flower102)","pretrain(resnet18,imagenet-1k)->transfer(Flower102,0.5)->steal(mbnetv2)",Flower102,cosine,Logits,Adversarial,test,10
0.21153569221496582,0.00011301902122795582,"train(resnet18,Flower102)","pretrain(resnet18,imagenet-1k)->transfer(Flower102,0.5)->steal(resnet18)",Flower102,cosine,Logits,Adversarial,test,10
0.4413899779319763,0.0001296820119023323,"train(resnet18,Flower102)","pretrain(resnet18,imagenet-1k)->transfer(Flower102,0.5)->distill()",Flower102,cosine,Logits,Adversarial,test,10
0.44866418838500977,0.00010418705642223358,"train(resnet18,Flower102)","pretrain(resnet18,imagenet-1k)->transfer(Flower102,1.0)",Flower102,cosine,Logits,Adversarial,test,10
0.44645610451698303,0.00015001092106103897,"train(resnet18,Flower102)","pretrain(resnet18,imagenet-1k)->transfer(Flower102,1.0)->prune(0.2)",Flower102,cosine,Logits,Adversarial,test,10
0.44452768564224243,0.00010544317774474621,"train(resnet18,Flower102)","pretrain(resnet18,imagenet-1k)->transfer(Flower102,1.0)->prune(0.5)",Flower102,cosine,Logits,Adversarial,test,10
0.44751912355422974,0.00010561011731624603,"train(resnet18,Flower102)","pretrain(resnet18,imagenet-1k)->transfer(Flower102,1.0)->prune(0.8)",Flower102,cosine,Logits,Adversarial,test,10
0.45931297540664673,0.00010468997061252594,"train(resnet18,Flower102)","pretrain(resnet18,imagenet-1k)->transfer(Flower102,1.0)->quantize(float16)",Flower102,cosine,Logits,Adversarial,test,10
0.4594322741031647,0.00011580693535506725,"train(resnet18,Flower102)","pretrain(resnet18,imagenet-1k)->transfer(Flower102,1.0)->quantize(qint8)",Flower102,cosine,Logits,Adversarial,test,10
0.2837929129600525,0.0001055179163813591,"train(resnet18,Flower102)","pretrain(resnet18,imagenet-1k)->transfer(Flower102,1.0)->steal(mbnetv2)",Flower102,cosine,Logits,Adversarial,test,10
0.19790032505989075,0.00011884700506925583,"train(resnet18,Flower102)","pretrain(resnet18,imagenet-1k)->transfer(Flower102,1.0)->steal(resnet18)",Flower102,cosine,Logits,Adversarial,test,10
0.43101271986961365,0.00011098291724920273,"train(resnet18,Flower102)","pretrain(resnet18,imagenet-1k)->transfer(Flower102,1.0)->distill()",Flower102,cosine,Logits,Adversarial,test,10
0.2708407938480377,0.00010604411363601685,"train(resnet18,Flower102)","train(mbnetv2,Flower102)",Flower102,cosine,Logits,Adversarial,test,10
0.264010488986969,0.00010451092384755611,"train(resnet18,Flower102)","train(mbnetv2,Flower102)->prune(0.2)",Flower102,cosine,Logits,Adversarial,test,10
0.28260454535484314,0.0001114141196012497,"train(resnet18,Flower102)","train(mbnetv2,Flower102)->prune(0.5)",Flower102,cosine,Logits,Adversarial,test,10
0.3358151316642761,0.00010587600991129875,"train(resnet18,Flower102)","train(mbnetv2,Flower102)->prune(0.8)",Flower102,cosine,Logits,Adversarial,test,10
0.22432246804237366,0.00010508508421480656,"train(resnet18,Flower102)","train(mbnetv2,Flower102)->steal(mbnetv2)",Flower102,cosine,Logits,Adversarial,test,10
0.11141989380121231,0.00012366287410259247,"train(resnet18,Flower102)","train(mbnetv2,Flower102)->steal(resnet18)",Flower102,cosine,Logits,Adversarial,test,10
0.21614542603492737,0.0001042359508574009,"train(resnet18,Flower102)","train(mbnetv2,Flower102)->distill()",Flower102,cosine,Logits,Adversarial,test,10
7.748603536583687e-8,0.00010234094224870205,"train(resnet18,Flower102)","train(resnet18,Flower102)",Flower102,cosine,Logits,Adversarial,test,10
0.18130537867546082,0.00011125905439257622,"train(resnet18,Flower102)","train(resnet18,Flower102)->prune(0.2)",Flower102,cosine,Logits,Adversarial,test,10
0.17849679291248322,0.00010892399586737156,"train(resnet18,Flower102)","train(resnet18,Flower102)->prune(0.5)",Flower102,cosine,Logits,Adversarial,test,10
0.1788332760334015,0.00011485512368381023,"train(resnet18,Flower102)","train(resnet18,Flower102)->prune(0.8)",Flower102,cosine,Logits,Adversarial,test,10
0.2748458981513977,0.00011114287190139294,"train(resnet18,Flower102)","train(resnet18,Flower102)->steal(mbnetv2)",Flower102,cosine,Logits,Adversarial,test,10
0.10560446977615356,0.00011281995102763176,"train(resnet18,Flower102)","train(resnet18,Flower102)->steal(resnet18)",Flower102,cosine,Logits,Adversarial,test,10
0.1600070297718048,0.00010428112000226974,"train(resnet18,Flower102)","train(resnet18,Flower102)->distill()",Flower102,cosine,Logits,Adversarial,test,10
