dataset,sampler,representation,split,budget,source_model,walltime,target_model
SDog120,NegativeSubsample10,SAC,test,200,"pretrain(mbnetv2,imagenet-1k)->transfer(SDog120,0.1)",0.37373515102081,
SDog120,NegativeSubsample10,SAC,test,200,"pretrain(mbnetv2,imagenet-1k)->transfer(SDog120,0.1)",0.13146509090438485,"pretrain(mbnetv2,imagenet-1k)->transfer(SDog120,0.1)"
SDog120,NegativeSubsample10,SAC,test,200,"pretrain(mbnetv2,imagenet-1k)->transfer(SDog120,0.1)",0.129952605930157,"pretrain(mbnetv2,imagenet-1k)->transfer(SDog120,0.1)->prune(0.2)"
SDog120,NegativeSubsample10,SAC,test,200,"pretrain(mbnetv2,imagenet-1k)->transfer(SDog120,0.1)",0.1304915469372645,"pretrain(mbnetv2,imagenet-1k)->transfer(SDog120,0.1)->prune(0.5)"
SDog120,NegativeSubsample10,SAC,test,200,"pretrain(mbnetv2,imagenet-1k)->transfer(SDog120,0.1)",0.12767636100761592,"pretrain(mbnetv2,imagenet-1k)->transfer(SDog120,0.1)->prune(0.8)"
SDog120,NegativeSubsample10,SAC,test,200,"pretrain(mbnetv2,imagenet-1k)->transfer(SDog120,0.1)",1.1886587149929255,"pretrain(mbnetv2,imagenet-1k)->transfer(SDog120,0.1)->quantize(float16)"
SDog120,NegativeSubsample10,SAC,test,200,"pretrain(mbnetv2,imagenet-1k)->transfer(SDog120,0.1)",1.17126491793897,"pretrain(mbnetv2,imagenet-1k)->transfer(SDog120,0.1)->quantize(qint8)"
SDog120,NegativeSubsample10,SAC,test,200,"pretrain(mbnetv2,imagenet-1k)->transfer(SDog120,0.1)",0.13050367997493595,"pretrain(mbnetv2,imagenet-1k)->transfer(SDog120,0.1)->steal(mbnetv2)"
SDog120,NegativeSubsample10,SAC,test,200,"pretrain(mbnetv2,imagenet-1k)->transfer(SDog120,0.1)",0.1400554139399901,"pretrain(mbnetv2,imagenet-1k)->transfer(SDog120,0.1)->steal(resnet18)"
SDog120,NegativeSubsample10,SAC,test,200,"pretrain(mbnetv2,imagenet-1k)->transfer(SDog120,0.1)",0.13007093605119735,"pretrain(mbnetv2,imagenet-1k)->transfer(SDog120,0.1)->distill()"
SDog120,NegativeSubsample10,SAC,test,200,"pretrain(mbnetv2,imagenet-1k)->transfer(SDog120,0.1)",0.12809230794664472,"pretrain(mbnetv2,imagenet-1k)->transfer(SDog120,0.5)"
SDog120,NegativeSubsample10,SAC,test,200,"pretrain(mbnetv2,imagenet-1k)->transfer(SDog120,0.1)",0.12688504997640848,"pretrain(mbnetv2,imagenet-1k)->transfer(SDog120,0.5)->prune(0.2)"
SDog120,NegativeSubsample10,SAC,test,200,"pretrain(mbnetv2,imagenet-1k)->transfer(SDog120,0.1)",0.1308497890131548,"pretrain(mbnetv2,imagenet-1k)->transfer(SDog120,0.5)->prune(0.5)"
SDog120,NegativeSubsample10,SAC,test,200,"pretrain(mbnetv2,imagenet-1k)->transfer(SDog120,0.1)",0.12700356601271778,"pretrain(mbnetv2,imagenet-1k)->transfer(SDog120,0.5)->prune(0.8)"
SDog120,NegativeSubsample10,SAC,test,200,"pretrain(mbnetv2,imagenet-1k)->transfer(SDog120,0.1)",1.2537475409917533,"pretrain(mbnetv2,imagenet-1k)->transfer(SDog120,0.5)->quantize(float16)"
SDog120,NegativeSubsample10,SAC,test,200,"pretrain(mbnetv2,imagenet-1k)->transfer(SDog120,0.1)",1.1980697679100558,"pretrain(mbnetv2,imagenet-1k)->transfer(SDog120,0.5)->quantize(qint8)"
SDog120,NegativeSubsample10,SAC,test,200,"pretrain(mbnetv2,imagenet-1k)->transfer(SDog120,0.1)",0.1099577610148117,"pretrain(mbnetv2,imagenet-1k)->transfer(SDog120,0.5)->steal(mbnetv2)"
SDog120,NegativeSubsample10,SAC,test,200,"pretrain(mbnetv2,imagenet-1k)->transfer(SDog120,0.1)",0.12057751102838665,"pretrain(mbnetv2,imagenet-1k)->transfer(SDog120,0.5)->steal(resnet18)"
SDog120,NegativeSubsample10,SAC,test,200,"pretrain(mbnetv2,imagenet-1k)->transfer(SDog120,0.1)",0.12741080194246024,"pretrain(mbnetv2,imagenet-1k)->transfer(SDog120,0.5)->distill()"
SDog120,NegativeSubsample10,SAC,test,200,"pretrain(mbnetv2,imagenet-1k)->transfer(SDog120,0.1)",0.13047607196494937,"pretrain(mbnetv2,imagenet-1k)->transfer(SDog120,1.0)"
SDog120,NegativeSubsample10,SAC,test,200,"pretrain(mbnetv2,imagenet-1k)->transfer(SDog120,0.1)",0.12725239200517535,"pretrain(mbnetv2,imagenet-1k)->transfer(SDog120,1.0)->prune(0.2)"
SDog120,NegativeSubsample10,SAC,test,200,"pretrain(mbnetv2,imagenet-1k)->transfer(SDog120,0.1)",0.12840360892005265,"pretrain(mbnetv2,imagenet-1k)->transfer(SDog120,1.0)->prune(0.5)"
SDog120,NegativeSubsample10,SAC,test,200,"pretrain(mbnetv2,imagenet-1k)->transfer(SDog120,0.1)",0.13083902397193015,"pretrain(mbnetv2,imagenet-1k)->transfer(SDog120,1.0)->prune(0.8)"
SDog120,NegativeSubsample10,SAC,test,200,"pretrain(mbnetv2,imagenet-1k)->transfer(SDog120,0.1)",1.1958428799407557,"pretrain(mbnetv2,imagenet-1k)->transfer(SDog120,1.0)->quantize(float16)"
SDog120,NegativeSubsample10,SAC,test,200,"pretrain(mbnetv2,imagenet-1k)->transfer(SDog120,0.1)",1.2018789330031723,"pretrain(mbnetv2,imagenet-1k)->transfer(SDog120,1.0)->quantize(qint8)"
SDog120,NegativeSubsample10,SAC,test,200,"pretrain(mbnetv2,imagenet-1k)->transfer(SDog120,0.1)",0.11188199394382536,"pretrain(mbnetv2,imagenet-1k)->transfer(SDog120,1.0)->steal(mbnetv2)"
SDog120,NegativeSubsample10,SAC,test,200,"pretrain(mbnetv2,imagenet-1k)->transfer(SDog120,0.1)",0.1210071980021894,"pretrain(mbnetv2,imagenet-1k)->transfer(SDog120,1.0)->steal(resnet18)"
SDog120,NegativeSubsample10,SAC,test,200,"pretrain(mbnetv2,imagenet-1k)->transfer(SDog120,0.1)",0.13052731903735548,"pretrain(mbnetv2,imagenet-1k)->transfer(SDog120,1.0)->distill()"
SDog120,NegativeSubsample10,SAC,test,200,"pretrain(mbnetv2,imagenet-1k)->transfer(SDog120,0.1)",0.12239010399207473,"pretrain(resnet18,imagenet-1k)->transfer(SDog120,0.1)"
SDog120,NegativeSubsample10,SAC,test,200,"pretrain(mbnetv2,imagenet-1k)->transfer(SDog120,0.1)",0.12214149197097868,"pretrain(resnet18,imagenet-1k)->transfer(SDog120,0.1)->prune(0.2)"
SDog120,NegativeSubsample10,SAC,test,200,"pretrain(mbnetv2,imagenet-1k)->transfer(SDog120,0.1)",0.11979326989967376,"pretrain(resnet18,imagenet-1k)->transfer(SDog120,0.1)->prune(0.5)"
SDog120,NegativeSubsample10,SAC,test,200,"pretrain(mbnetv2,imagenet-1k)->transfer(SDog120,0.1)",0.11977136298082769,"pretrain(resnet18,imagenet-1k)->transfer(SDog120,0.1)->prune(0.8)"
SDog120,NegativeSubsample10,SAC,test,200,"pretrain(mbnetv2,imagenet-1k)->transfer(SDog120,0.1)",1.1519017389509827,"pretrain(resnet18,imagenet-1k)->transfer(SDog120,0.1)->quantize(float16)"
SDog120,NegativeSubsample10,SAC,test,200,"pretrain(mbnetv2,imagenet-1k)->transfer(SDog120,0.1)",1.1096895490773022,"pretrain(resnet18,imagenet-1k)->transfer(SDog120,0.1)->quantize(qint8)"
SDog120,NegativeSubsample10,SAC,test,200,"pretrain(mbnetv2,imagenet-1k)->transfer(SDog120,0.1)",0.12815630505792797,"pretrain(resnet18,imagenet-1k)->transfer(SDog120,0.1)->steal(mbnetv2)"
SDog120,NegativeSubsample10,SAC,test,200,"pretrain(mbnetv2,imagenet-1k)->transfer(SDog120,0.1)",0.12035474204458296,"pretrain(resnet18,imagenet-1k)->transfer(SDog120,0.1)->steal(resnet18)"
SDog120,NegativeSubsample10,SAC,test,200,"pretrain(mbnetv2,imagenet-1k)->transfer(SDog120,0.1)",0.12028503592591733,"pretrain(resnet18,imagenet-1k)->transfer(SDog120,0.1)->distill()"
SDog120,NegativeSubsample10,SAC,test,200,"pretrain(mbnetv2,imagenet-1k)->transfer(SDog120,0.1)",0.12076308706309646,"pretrain(resnet18,imagenet-1k)->transfer(SDog120,0.5)"
SDog120,NegativeSubsample10,SAC,test,200,"pretrain(mbnetv2,imagenet-1k)->transfer(SDog120,0.1)",0.12117969198152423,"pretrain(resnet18,imagenet-1k)->transfer(SDog120,0.5)->prune(0.2)"
SDog120,NegativeSubsample10,SAC,test,200,"pretrain(mbnetv2,imagenet-1k)->transfer(SDog120,0.1)",0.12001449393574148,"pretrain(resnet18,imagenet-1k)->transfer(SDog120,0.5)->prune(0.5)"
SDog120,NegativeSubsample10,SAC,test,200,"pretrain(mbnetv2,imagenet-1k)->transfer(SDog120,0.1)",0.12089400098193437,"pretrain(resnet18,imagenet-1k)->transfer(SDog120,0.5)->prune(0.8)"
SDog120,NegativeSubsample10,SAC,test,200,"pretrain(mbnetv2,imagenet-1k)->transfer(SDog120,0.1)",1.1089247649069875,"pretrain(resnet18,imagenet-1k)->transfer(SDog120,0.5)->quantize(float16)"
SDog120,NegativeSubsample10,SAC,test,200,"pretrain(mbnetv2,imagenet-1k)->transfer(SDog120,0.1)",1.1075875379610807,"pretrain(resnet18,imagenet-1k)->transfer(SDog120,0.5)->quantize(qint8)"
SDog120,NegativeSubsample10,SAC,test,200,"pretrain(mbnetv2,imagenet-1k)->transfer(SDog120,0.1)",0.12895404105074704,"pretrain(resnet18,imagenet-1k)->transfer(SDog120,0.5)->steal(mbnetv2)"
SDog120,NegativeSubsample10,SAC,test,200,"pretrain(mbnetv2,imagenet-1k)->transfer(SDog120,0.1)",0.13851570698898286,"pretrain(resnet18,imagenet-1k)->transfer(SDog120,0.5)->steal(resnet18)"
SDog120,NegativeSubsample10,SAC,test,200,"pretrain(mbnetv2,imagenet-1k)->transfer(SDog120,0.1)",0.12322248099371791,"pretrain(resnet18,imagenet-1k)->transfer(SDog120,0.5)->distill()"
SDog120,NegativeSubsample10,SAC,test,200,"pretrain(mbnetv2,imagenet-1k)->transfer(SDog120,0.1)",0.12166046199854463,"pretrain(resnet18,imagenet-1k)->transfer(SDog120,1.0)"
SDog120,NegativeSubsample10,SAC,test,200,"pretrain(mbnetv2,imagenet-1k)->transfer(SDog120,0.1)",0.12126290798187256,"pretrain(resnet18,imagenet-1k)->transfer(SDog120,1.0)->prune(0.2)"
SDog120,NegativeSubsample10,SAC,test,200,"pretrain(mbnetv2,imagenet-1k)->transfer(SDog120,0.1)",0.12129511893726885,"pretrain(resnet18,imagenet-1k)->transfer(SDog120,1.0)->prune(0.5)"
SDog120,NegativeSubsample10,SAC,test,200,"pretrain(mbnetv2,imagenet-1k)->transfer(SDog120,0.1)",0.1209082119166851,"pretrain(resnet18,imagenet-1k)->transfer(SDog120,1.0)->prune(0.8)"
SDog120,NegativeSubsample10,SAC,test,200,"pretrain(mbnetv2,imagenet-1k)->transfer(SDog120,0.1)",1.1024650849867612,"pretrain(resnet18,imagenet-1k)->transfer(SDog120,1.0)->quantize(float16)"
SDog120,NegativeSubsample10,SAC,test,200,"pretrain(mbnetv2,imagenet-1k)->transfer(SDog120,0.1)",1.105181112070568,"pretrain(resnet18,imagenet-1k)->transfer(SDog120,1.0)->quantize(qint8)"
SDog120,NegativeSubsample10,SAC,test,200,"pretrain(mbnetv2,imagenet-1k)->transfer(SDog120,0.1)",0.13000229594763368,"pretrain(resnet18,imagenet-1k)->transfer(SDog120,1.0)->steal(mbnetv2)"
SDog120,NegativeSubsample10,SAC,test,200,"pretrain(mbnetv2,imagenet-1k)->transfer(SDog120,0.1)",0.1223660270916298,"pretrain(resnet18,imagenet-1k)->transfer(SDog120,1.0)->steal(resnet18)"
SDog120,NegativeSubsample10,SAC,test,200,"pretrain(mbnetv2,imagenet-1k)->transfer(SDog120,0.1)",0.12174148496706039,"pretrain(resnet18,imagenet-1k)->transfer(SDog120,1.0)->distill()"
SDog120,NegativeSubsample10,SAC,test,200,"pretrain(mbnetv2,imagenet-1k)->transfer(SDog120,0.1)",0.12991533894091845,"train(mbnetv2,SDog120)"
SDog120,NegativeSubsample10,SAC,test,200,"pretrain(mbnetv2,imagenet-1k)->transfer(SDog120,0.1)",0.1295754259917885,"train(mbnetv2,SDog120)->prune(0.2)"
SDog120,NegativeSubsample10,SAC,test,200,"pretrain(mbnetv2,imagenet-1k)->transfer(SDog120,0.1)",0.1300561330281198,"train(mbnetv2,SDog120)->prune(0.5)"
SDog120,NegativeSubsample10,SAC,test,200,"pretrain(mbnetv2,imagenet-1k)->transfer(SDog120,0.1)",0.12989115400705487,"train(mbnetv2,SDog120)->prune(0.8)"
SDog120,NegativeSubsample10,SAC,test,200,"pretrain(mbnetv2,imagenet-1k)->transfer(SDog120,0.1)",0.13014009804464877,"train(mbnetv2,SDog120)->steal(mbnetv2)"
SDog120,NegativeSubsample10,SAC,test,200,"pretrain(mbnetv2,imagenet-1k)->transfer(SDog120,0.1)",0.1216180439805612,"train(mbnetv2,SDog120)->steal(resnet18)"
SDog120,NegativeSubsample10,SAC,test,200,"pretrain(mbnetv2,imagenet-1k)->transfer(SDog120,0.1)",0.12959224998485297,"train(mbnetv2,SDog120)->distill()"
SDog120,NegativeSubsample10,SAC,test,200,"pretrain(mbnetv2,imagenet-1k)->transfer(SDog120,0.1)",0.1211423990316689,"train(resnet18,SDog120)"
SDog120,NegativeSubsample10,SAC,test,200,"pretrain(mbnetv2,imagenet-1k)->transfer(SDog120,0.1)",0.12117232196033001,"train(resnet18,SDog120)->prune(0.2)"
SDog120,NegativeSubsample10,SAC,test,200,"pretrain(mbnetv2,imagenet-1k)->transfer(SDog120,0.1)",0.13070374191738665,"train(resnet18,SDog120)->prune(0.5)"
SDog120,NegativeSubsample10,SAC,test,200,"pretrain(mbnetv2,imagenet-1k)->transfer(SDog120,0.1)",0.12188765208702534,"train(resnet18,SDog120)->prune(0.8)"
SDog120,NegativeSubsample10,SAC,test,200,"pretrain(mbnetv2,imagenet-1k)->transfer(SDog120,0.1)",0.12957559793721884,"train(resnet18,SDog120)->steal(mbnetv2)"
SDog120,NegativeSubsample10,SAC,test,200,"pretrain(mbnetv2,imagenet-1k)->transfer(SDog120,0.1)",0.1222649869741872,"train(resnet18,SDog120)->steal(resnet18)"
SDog120,NegativeSubsample10,SAC,test,200,"pretrain(mbnetv2,imagenet-1k)->transfer(SDog120,0.1)",0.12145990505814552,"train(resnet18,SDog120)->distill()"
SDog120,NegativeSubsample10,SAC,test,200,"pretrain(mbnetv2,imagenet-1k)->transfer(SDog120,0.5)",0.1291399699402973,
SDog120,NegativeSubsample10,SAC,test,200,"pretrain(mbnetv2,imagenet-1k)->transfer(SDog120,0.5)",0.13036041299346834,"pretrain(mbnetv2,imagenet-1k)->transfer(SDog120,0.1)"
SDog120,NegativeSubsample10,SAC,test,200,"pretrain(mbnetv2,imagenet-1k)->transfer(SDog120,0.5)",0.12956950801890343,"pretrain(mbnetv2,imagenet-1k)->transfer(SDog120,0.1)->prune(0.2)"
SDog120,NegativeSubsample10,SAC,test,200,"pretrain(mbnetv2,imagenet-1k)->transfer(SDog120,0.5)",0.12900603702291846,"pretrain(mbnetv2,imagenet-1k)->transfer(SDog120,0.1)->prune(0.5)"
SDog120,NegativeSubsample10,SAC,test,200,"pretrain(mbnetv2,imagenet-1k)->transfer(SDog120,0.5)",0.1286569229559973,"pretrain(mbnetv2,imagenet-1k)->transfer(SDog120,0.1)->prune(0.8)"
SDog120,NegativeSubsample10,SAC,test,200,"pretrain(mbnetv2,imagenet-1k)->transfer(SDog120,0.5)",1.1692380930762738,"pretrain(mbnetv2,imagenet-1k)->transfer(SDog120,0.1)->quantize(float16)"
SDog120,NegativeSubsample10,SAC,test,200,"pretrain(mbnetv2,imagenet-1k)->transfer(SDog120,0.5)",1.1275353559758514,"pretrain(mbnetv2,imagenet-1k)->transfer(SDog120,0.1)->quantize(qint8)"
SDog120,NegativeSubsample10,SAC,test,200,"pretrain(mbnetv2,imagenet-1k)->transfer(SDog120,0.5)",0.11161866306792945,"pretrain(mbnetv2,imagenet-1k)->transfer(SDog120,0.1)->steal(mbnetv2)"
SDog120,NegativeSubsample10,SAC,test,200,"pretrain(mbnetv2,imagenet-1k)->transfer(SDog120,0.5)",0.12161516700871289,"pretrain(mbnetv2,imagenet-1k)->transfer(SDog120,0.1)->steal(resnet18)"
SDog120,NegativeSubsample10,SAC,test,200,"pretrain(mbnetv2,imagenet-1k)->transfer(SDog120,0.5)",0.12945827399380505,"pretrain(mbnetv2,imagenet-1k)->transfer(SDog120,0.1)->distill()"
SDog120,NegativeSubsample10,SAC,test,200,"pretrain(mbnetv2,imagenet-1k)->transfer(SDog120,0.5)",0.12975920899771154,"pretrain(mbnetv2,imagenet-1k)->transfer(SDog120,0.5)"
SDog120,NegativeSubsample10,SAC,test,200,"pretrain(mbnetv2,imagenet-1k)->transfer(SDog120,0.5)",0.12923908501397818,"pretrain(mbnetv2,imagenet-1k)->transfer(SDog120,0.5)->prune(0.2)"
SDog120,NegativeSubsample10,SAC,test,200,"pretrain(mbnetv2,imagenet-1k)->transfer(SDog120,0.5)",0.12912604806479067,"pretrain(mbnetv2,imagenet-1k)->transfer(SDog120,0.5)->prune(0.5)"
SDog120,NegativeSubsample10,SAC,test,200,"pretrain(mbnetv2,imagenet-1k)->transfer(SDog120,0.5)",0.1287536589661613,"pretrain(mbnetv2,imagenet-1k)->transfer(SDog120,0.5)->prune(0.8)"
SDog120,NegativeSubsample10,SAC,test,200,"pretrain(mbnetv2,imagenet-1k)->transfer(SDog120,0.5)",1.2495328810764477,"pretrain(mbnetv2,imagenet-1k)->transfer(SDog120,0.5)->quantize(float16)"
SDog120,NegativeSubsample10,SAC,test,200,"pretrain(mbnetv2,imagenet-1k)->transfer(SDog120,0.5)",1.1389190800255165,"pretrain(mbnetv2,imagenet-1k)->transfer(SDog120,0.5)->quantize(qint8)"
SDog120,NegativeSubsample10,SAC,test,200,"pretrain(mbnetv2,imagenet-1k)->transfer(SDog120,0.5)",0.11082641500979662,"pretrain(mbnetv2,imagenet-1k)->transfer(SDog120,0.5)->steal(mbnetv2)"
SDog120,NegativeSubsample10,SAC,test,200,"pretrain(mbnetv2,imagenet-1k)->transfer(SDog120,0.5)",0.12094252498354763,"pretrain(mbnetv2,imagenet-1k)->transfer(SDog120,0.5)->steal(resnet18)"
SDog120,NegativeSubsample10,SAC,test,200,"pretrain(mbnetv2,imagenet-1k)->transfer(SDog120,0.5)",0.12855228001717478,"pretrain(mbnetv2,imagenet-1k)->transfer(SDog120,0.5)->distill()"
SDog120,NegativeSubsample10,SAC,test,200,"pretrain(mbnetv2,imagenet-1k)->transfer(SDog120,0.5)",0.13023571600206196,"pretrain(mbnetv2,imagenet-1k)->transfer(SDog120,1.0)"
SDog120,NegativeSubsample10,SAC,test,200,"pretrain(mbnetv2,imagenet-1k)->transfer(SDog120,0.5)",0.13101485802326351,"pretrain(mbnetv2,imagenet-1k)->transfer(SDog120,1.0)->prune(0.2)"
SDog120,NegativeSubsample10,SAC,test,200,"pretrain(mbnetv2,imagenet-1k)->transfer(SDog120,0.5)",0.12968460097908974,"pretrain(mbnetv2,imagenet-1k)->transfer(SDog120,1.0)->prune(0.5)"
SDog120,NegativeSubsample10,SAC,test,200,"pretrain(mbnetv2,imagenet-1k)->transfer(SDog120,0.5)",0.13056291604880244,"pretrain(mbnetv2,imagenet-1k)->transfer(SDog120,1.0)->prune(0.8)"
SDog120,NegativeSubsample10,SAC,test,200,"pretrain(mbnetv2,imagenet-1k)->transfer(SDog120,0.5)",1.1704817019635811,"pretrain(mbnetv2,imagenet-1k)->transfer(SDog120,1.0)->quantize(float16)"
SDog120,NegativeSubsample10,SAC,test,200,"pretrain(mbnetv2,imagenet-1k)->transfer(SDog120,0.5)",1.1340752439573407,"pretrain(mbnetv2,imagenet-1k)->transfer(SDog120,1.0)->quantize(qint8)"
SDog120,NegativeSubsample10,SAC,test,200,"pretrain(mbnetv2,imagenet-1k)->transfer(SDog120,0.5)",0.11429451499134302,"pretrain(mbnetv2,imagenet-1k)->transfer(SDog120,1.0)->steal(mbnetv2)"
SDog120,NegativeSubsample10,SAC,test,200,"pretrain(mbnetv2,imagenet-1k)->transfer(SDog120,0.5)",0.1273019009968266,"pretrain(mbnetv2,imagenet-1k)->transfer(SDog120,1.0)->steal(resnet18)"
SDog120,NegativeSubsample10,SAC,test,200,"pretrain(mbnetv2,imagenet-1k)->transfer(SDog120,0.5)",0.1331450449069962,"pretrain(mbnetv2,imagenet-1k)->transfer(SDog120,1.0)->distill()"
SDog120,NegativeSubsample10,SAC,test,200,"pretrain(mbnetv2,imagenet-1k)->transfer(SDog120,0.5)",0.12118849495891482,"pretrain(resnet18,imagenet-1k)->transfer(SDog120,0.1)"
SDog120,NegativeSubsample10,SAC,test,200,"pretrain(mbnetv2,imagenet-1k)->transfer(SDog120,0.5)",0.12145676696673036,"pretrain(resnet18,imagenet-1k)->transfer(SDog120,0.1)->prune(0.2)"
SDog120,NegativeSubsample10,SAC,test,200,"pretrain(mbnetv2,imagenet-1k)->transfer(SDog120,0.5)",0.12078842392656952,"pretrain(resnet18,imagenet-1k)->transfer(SDog120,0.1)->prune(0.5)"
SDog120,NegativeSubsample10,SAC,test,200,"pretrain(mbnetv2,imagenet-1k)->transfer(SDog120,0.5)",0.12139713705983013,"pretrain(resnet18,imagenet-1k)->transfer(SDog120,0.1)->prune(0.8)"
SDog120,NegativeSubsample10,SAC,test,200,"pretrain(mbnetv2,imagenet-1k)->transfer(SDog120,0.5)",1.1524876679759473,"pretrain(resnet18,imagenet-1k)->transfer(SDog120,0.1)->quantize(float16)"
SDog120,NegativeSubsample10,SAC,test,200,"pretrain(mbnetv2,imagenet-1k)->transfer(SDog120,0.5)",1.106142484000884,"pretrain(resnet18,imagenet-1k)->transfer(SDog120,0.1)->quantize(qint8)"
SDog120,NegativeSubsample10,SAC,test,200,"pretrain(mbnetv2,imagenet-1k)->transfer(SDog120,0.5)",0.1279302790062502,"pretrain(resnet18,imagenet-1k)->transfer(SDog120,0.1)->steal(mbnetv2)"
SDog120,NegativeSubsample10,SAC,test,200,"pretrain(mbnetv2,imagenet-1k)->transfer(SDog120,0.5)",0.12041861901525408,"pretrain(resnet18,imagenet-1k)->transfer(SDog120,0.1)->steal(resnet18)"
SDog120,NegativeSubsample10,SAC,test,200,"pretrain(mbnetv2,imagenet-1k)->transfer(SDog120,0.5)",0.12015991995576769,"pretrain(resnet18,imagenet-1k)->transfer(SDog120,0.1)->distill()"
SDog120,NegativeSubsample10,SAC,test,200,"pretrain(mbnetv2,imagenet-1k)->transfer(SDog120,0.5)",0.12073525402229279,"pretrain(resnet18,imagenet-1k)->transfer(SDog120,0.5)"
SDog120,NegativeSubsample10,SAC,test,200,"pretrain(mbnetv2,imagenet-1k)->transfer(SDog120,0.5)",0.12064384308177978,"pretrain(resnet18,imagenet-1k)->transfer(SDog120,0.5)->prune(0.2)"
SDog120,NegativeSubsample10,SAC,test,200,"pretrain(mbnetv2,imagenet-1k)->transfer(SDog120,0.5)",0.12092135695274919,"pretrain(resnet18,imagenet-1k)->transfer(SDog120,0.5)->prune(0.5)"
SDog120,NegativeSubsample10,SAC,test,200,"pretrain(mbnetv2,imagenet-1k)->transfer(SDog120,0.5)",0.1211378260049969,"pretrain(resnet18,imagenet-1k)->transfer(SDog120,0.5)->prune(0.8)"
SDog120,NegativeSubsample10,SAC,test,200,"pretrain(mbnetv2,imagenet-1k)->transfer(SDog120,0.5)",1.1025400629732758,"pretrain(resnet18,imagenet-1k)->transfer(SDog120,0.5)->quantize(float16)"
SDog120,NegativeSubsample10,SAC,test,200,"pretrain(mbnetv2,imagenet-1k)->transfer(SDog120,0.5)",1.1130233720177785,"pretrain(resnet18,imagenet-1k)->transfer(SDog120,0.5)->quantize(qint8)"
SDog120,NegativeSubsample10,SAC,test,200,"pretrain(mbnetv2,imagenet-1k)->transfer(SDog120,0.5)",0.12974171398673207,"pretrain(resnet18,imagenet-1k)->transfer(SDog120,0.5)->steal(mbnetv2)"
SDog120,NegativeSubsample10,SAC,test,200,"pretrain(mbnetv2,imagenet-1k)->transfer(SDog120,0.5)",0.12283466500230134,"pretrain(resnet18,imagenet-1k)->transfer(SDog120,0.5)->steal(resnet18)"
SDog120,NegativeSubsample10,SAC,test,200,"pretrain(mbnetv2,imagenet-1k)->transfer(SDog120,0.5)",0.12371958198491484,"pretrain(resnet18,imagenet-1k)->transfer(SDog120,0.5)->distill()"
SDog120,NegativeSubsample10,SAC,test,200,"pretrain(mbnetv2,imagenet-1k)->transfer(SDog120,0.5)",0.12232940492685884,"pretrain(resnet18,imagenet-1k)->transfer(SDog120,1.0)"
SDog120,NegativeSubsample10,SAC,test,200,"pretrain(mbnetv2,imagenet-1k)->transfer(SDog120,0.5)",0.12157651991583407,"pretrain(resnet18,imagenet-1k)->transfer(SDog120,1.0)->prune(0.2)"
SDog120,NegativeSubsample10,SAC,test,200,"pretrain(mbnetv2,imagenet-1k)->transfer(SDog120,0.5)",0.12384935200680047,"pretrain(resnet18,imagenet-1k)->transfer(SDog120,1.0)->prune(0.5)"
SDog120,NegativeSubsample10,SAC,test,200,"pretrain(mbnetv2,imagenet-1k)->transfer(SDog120,0.5)",0.12114707101136446,"pretrain(resnet18,imagenet-1k)->transfer(SDog120,1.0)->prune(0.8)"
SDog120,NegativeSubsample10,SAC,test,200,"pretrain(mbnetv2,imagenet-1k)->transfer(SDog120,0.5)",1.1202308349311352,"pretrain(resnet18,imagenet-1k)->transfer(SDog120,1.0)->quantize(float16)"
SDog120,NegativeSubsample10,SAC,test,200,"pretrain(mbnetv2,imagenet-1k)->transfer(SDog120,0.5)",1.1156650540651754,"pretrain(resnet18,imagenet-1k)->transfer(SDog120,1.0)->quantize(qint8)"
SDog120,NegativeSubsample10,SAC,test,200,"pretrain(mbnetv2,imagenet-1k)->transfer(SDog120,0.5)",0.13217479700688273,"pretrain(resnet18,imagenet-1k)->transfer(SDog120,1.0)->steal(mbnetv2)"
SDog120,NegativeSubsample10,SAC,test,200,"pretrain(mbnetv2,imagenet-1k)->transfer(SDog120,0.5)",0.12388522096443921,"pretrain(resnet18,imagenet-1k)->transfer(SDog120,1.0)->steal(resnet18)"
SDog120,NegativeSubsample10,SAC,test,200,"pretrain(mbnetv2,imagenet-1k)->transfer(SDog120,0.5)",0.12496297399047762,"pretrain(resnet18,imagenet-1k)->transfer(SDog120,1.0)->distill()"
SDog120,NegativeSubsample10,SAC,test,200,"pretrain(mbnetv2,imagenet-1k)->transfer(SDog120,0.5)",0.1349150079768151,"train(mbnetv2,SDog120)"
SDog120,NegativeSubsample10,SAC,test,200,"pretrain(mbnetv2,imagenet-1k)->transfer(SDog120,0.5)",0.13568740396294743,"train(mbnetv2,SDog120)->prune(0.2)"
SDog120,NegativeSubsample10,SAC,test,200,"pretrain(mbnetv2,imagenet-1k)->transfer(SDog120,0.5)",0.13402844103984535,"train(mbnetv2,SDog120)->prune(0.5)"
SDog120,NegativeSubsample10,SAC,test,200,"pretrain(mbnetv2,imagenet-1k)->transfer(SDog120,0.5)",0.13402088603470474,"train(mbnetv2,SDog120)->prune(0.8)"
SDog120,NegativeSubsample10,SAC,test,200,"pretrain(mbnetv2,imagenet-1k)->transfer(SDog120,0.5)",0.12970721197780222,"train(mbnetv2,SDog120)->steal(mbnetv2)"
SDog120,NegativeSubsample10,SAC,test,200,"pretrain(mbnetv2,imagenet-1k)->transfer(SDog120,0.5)",0.1198163969675079,"train(mbnetv2,SDog120)->steal(resnet18)"
SDog120,NegativeSubsample10,SAC,test,200,"pretrain(mbnetv2,imagenet-1k)->transfer(SDog120,0.5)",0.12788799300324172,"train(mbnetv2,SDog120)->distill()"
SDog120,NegativeSubsample10,SAC,test,200,"pretrain(mbnetv2,imagenet-1k)->transfer(SDog120,0.5)",0.1206665369682014,"train(resnet18,SDog120)"
SDog120,NegativeSubsample10,SAC,test,200,"pretrain(mbnetv2,imagenet-1k)->transfer(SDog120,0.5)",0.12011887098196894,"train(resnet18,SDog120)->prune(0.2)"
SDog120,NegativeSubsample10,SAC,test,200,"pretrain(mbnetv2,imagenet-1k)->transfer(SDog120,0.5)",0.14898693398572505,"train(resnet18,SDog120)->prune(0.5)"
SDog120,NegativeSubsample10,SAC,test,200,"pretrain(mbnetv2,imagenet-1k)->transfer(SDog120,0.5)",0.12274935096502304,"train(resnet18,SDog120)->prune(0.8)"
SDog120,NegativeSubsample10,SAC,test,200,"pretrain(mbnetv2,imagenet-1k)->transfer(SDog120,0.5)",0.12886878207791597,"train(resnet18,SDog120)->steal(mbnetv2)"
SDog120,NegativeSubsample10,SAC,test,200,"pretrain(mbnetv2,imagenet-1k)->transfer(SDog120,0.5)",0.12090043909847736,"train(resnet18,SDog120)->steal(resnet18)"
SDog120,NegativeSubsample10,SAC,test,200,"pretrain(mbnetv2,imagenet-1k)->transfer(SDog120,0.5)",0.12058881996199489,"train(resnet18,SDog120)->distill()"
SDog120,NegativeSubsample10,SAC,test,200,"pretrain(mbnetv2,imagenet-1k)->transfer(SDog120,1.0)",0.12931238394230604,
SDog120,NegativeSubsample10,SAC,test,200,"pretrain(mbnetv2,imagenet-1k)->transfer(SDog120,1.0)",0.12900819000788033,"pretrain(mbnetv2,imagenet-1k)->transfer(SDog120,0.1)"
SDog120,NegativeSubsample10,SAC,test,200,"pretrain(mbnetv2,imagenet-1k)->transfer(SDog120,1.0)",0.12778723693918437,"pretrain(mbnetv2,imagenet-1k)->transfer(SDog120,0.1)->prune(0.2)"
SDog120,NegativeSubsample10,SAC,test,200,"pretrain(mbnetv2,imagenet-1k)->transfer(SDog120,1.0)",0.13002029503695667,"pretrain(mbnetv2,imagenet-1k)->transfer(SDog120,0.1)->prune(0.5)"
SDog120,NegativeSubsample10,SAC,test,200,"pretrain(mbnetv2,imagenet-1k)->transfer(SDog120,1.0)",0.13419881602749228,"pretrain(mbnetv2,imagenet-1k)->transfer(SDog120,0.1)->prune(0.8)"
SDog120,NegativeSubsample10,SAC,test,200,"pretrain(mbnetv2,imagenet-1k)->transfer(SDog120,1.0)",1.2195244720205665,"pretrain(mbnetv2,imagenet-1k)->transfer(SDog120,0.1)->quantize(float16)"
SDog120,NegativeSubsample10,SAC,test,200,"pretrain(mbnetv2,imagenet-1k)->transfer(SDog120,1.0)",1.1657636529998854,"pretrain(mbnetv2,imagenet-1k)->transfer(SDog120,0.1)->quantize(qint8)"
SDog120,NegativeSubsample10,SAC,test,200,"pretrain(mbnetv2,imagenet-1k)->transfer(SDog120,1.0)",0.11081385600846261,"pretrain(mbnetv2,imagenet-1k)->transfer(SDog120,0.1)->steal(mbnetv2)"
SDog120,NegativeSubsample10,SAC,test,200,"pretrain(mbnetv2,imagenet-1k)->transfer(SDog120,1.0)",0.11906269192695618,"pretrain(mbnetv2,imagenet-1k)->transfer(SDog120,0.1)->steal(resnet18)"
SDog120,NegativeSubsample10,SAC,test,200,"pretrain(mbnetv2,imagenet-1k)->transfer(SDog120,1.0)",0.12679411203134805,"pretrain(mbnetv2,imagenet-1k)->transfer(SDog120,0.1)->distill()"
SDog120,NegativeSubsample10,SAC,test,200,"pretrain(mbnetv2,imagenet-1k)->transfer(SDog120,1.0)",0.12650396302342415,"pretrain(mbnetv2,imagenet-1k)->transfer(SDog120,0.5)"
SDog120,NegativeSubsample10,SAC,test,200,"pretrain(mbnetv2,imagenet-1k)->transfer(SDog120,1.0)",0.12693444092292339,"pretrain(mbnetv2,imagenet-1k)->transfer(SDog120,0.5)->prune(0.2)"
SDog120,NegativeSubsample10,SAC,test,200,"pretrain(mbnetv2,imagenet-1k)->transfer(SDog120,1.0)",0.12651569489389658,"pretrain(mbnetv2,imagenet-1k)->transfer(SDog120,0.5)->prune(0.5)"
SDog120,NegativeSubsample10,SAC,test,200,"pretrain(mbnetv2,imagenet-1k)->transfer(SDog120,1.0)",0.12702544801868498,"pretrain(mbnetv2,imagenet-1k)->transfer(SDog120,0.5)->prune(0.8)"
SDog120,NegativeSubsample10,SAC,test,200,"pretrain(mbnetv2,imagenet-1k)->transfer(SDog120,1.0)",1.2825434019323438,"pretrain(mbnetv2,imagenet-1k)->transfer(SDog120,0.5)->quantize(float16)"
SDog120,NegativeSubsample10,SAC,test,200,"pretrain(mbnetv2,imagenet-1k)->transfer(SDog120,1.0)",1.1612470720428973,"pretrain(mbnetv2,imagenet-1k)->transfer(SDog120,0.5)->quantize(qint8)"
SDog120,NegativeSubsample10,SAC,test,200,"pretrain(mbnetv2,imagenet-1k)->transfer(SDog120,1.0)",0.13191816199105233,"pretrain(mbnetv2,imagenet-1k)->transfer(SDog120,0.5)->steal(mbnetv2)"
SDog120,NegativeSubsample10,SAC,test,200,"pretrain(mbnetv2,imagenet-1k)->transfer(SDog120,1.0)",0.12361178593710065,"pretrain(mbnetv2,imagenet-1k)->transfer(SDog120,0.5)->steal(resnet18)"
SDog120,NegativeSubsample10,SAC,test,200,"pretrain(mbnetv2,imagenet-1k)->transfer(SDog120,1.0)",0.13084640202578157,"pretrain(mbnetv2,imagenet-1k)->transfer(SDog120,0.5)->distill()"
SDog120,NegativeSubsample10,SAC,test,200,"pretrain(mbnetv2,imagenet-1k)->transfer(SDog120,1.0)",0.13207995099946856,"pretrain(mbnetv2,imagenet-1k)->transfer(SDog120,1.0)"
SDog120,NegativeSubsample10,SAC,test,200,"pretrain(mbnetv2,imagenet-1k)->transfer(SDog120,1.0)",0.13256936497054994,"pretrain(mbnetv2,imagenet-1k)->transfer(SDog120,1.0)->prune(0.2)"
SDog120,NegativeSubsample10,SAC,test,200,"pretrain(mbnetv2,imagenet-1k)->transfer(SDog120,1.0)",0.127644358901307,"pretrain(mbnetv2,imagenet-1k)->transfer(SDog120,1.0)->prune(0.5)"
SDog120,NegativeSubsample10,SAC,test,200,"pretrain(mbnetv2,imagenet-1k)->transfer(SDog120,1.0)",0.12850187497679144,"pretrain(mbnetv2,imagenet-1k)->transfer(SDog120,1.0)->prune(0.8)"
SDog120,NegativeSubsample10,SAC,test,200,"pretrain(mbnetv2,imagenet-1k)->transfer(SDog120,1.0)",1.2013560110935941,"pretrain(mbnetv2,imagenet-1k)->transfer(SDog120,1.0)->quantize(float16)"
SDog120,NegativeSubsample10,SAC,test,200,"pretrain(mbnetv2,imagenet-1k)->transfer(SDog120,1.0)",1.159372447989881,"pretrain(mbnetv2,imagenet-1k)->transfer(SDog120,1.0)->quantize(qint8)"
SDog120,NegativeSubsample10,SAC,test,200,"pretrain(mbnetv2,imagenet-1k)->transfer(SDog120,1.0)",0.11249961203429848,"pretrain(mbnetv2,imagenet-1k)->transfer(SDog120,1.0)->steal(mbnetv2)"
SDog120,NegativeSubsample10,SAC,test,200,"pretrain(mbnetv2,imagenet-1k)->transfer(SDog120,1.0)",0.11813676403835416,"pretrain(mbnetv2,imagenet-1k)->transfer(SDog120,1.0)->steal(resnet18)"
SDog120,NegativeSubsample10,SAC,test,200,"pretrain(mbnetv2,imagenet-1k)->transfer(SDog120,1.0)",0.12583204999100417,"pretrain(mbnetv2,imagenet-1k)->transfer(SDog120,1.0)->distill()"
SDog120,NegativeSubsample10,SAC,test,200,"pretrain(mbnetv2,imagenet-1k)->transfer(SDog120,1.0)",0.11830829607788473,"pretrain(resnet18,imagenet-1k)->transfer(SDog120,0.1)"
SDog120,NegativeSubsample10,SAC,test,200,"pretrain(mbnetv2,imagenet-1k)->transfer(SDog120,1.0)",0.11819170392118394,"pretrain(resnet18,imagenet-1k)->transfer(SDog120,0.1)->prune(0.2)"
SDog120,NegativeSubsample10,SAC,test,200,"pretrain(mbnetv2,imagenet-1k)->transfer(SDog120,1.0)",0.11782497097738087,"pretrain(resnet18,imagenet-1k)->transfer(SDog120,0.1)->prune(0.5)"
SDog120,NegativeSubsample10,SAC,test,200,"pretrain(mbnetv2,imagenet-1k)->transfer(SDog120,1.0)",0.11842894204892218,"pretrain(resnet18,imagenet-1k)->transfer(SDog120,0.1)->prune(0.8)"
SDog120,NegativeSubsample10,SAC,test,200,"pretrain(mbnetv2,imagenet-1k)->transfer(SDog120,1.0)",1.144614169956185,"pretrain(resnet18,imagenet-1k)->transfer(SDog120,0.1)->quantize(float16)"
SDog120,NegativeSubsample10,SAC,test,200,"pretrain(mbnetv2,imagenet-1k)->transfer(SDog120,1.0)",1.1180135640315711,"pretrain(resnet18,imagenet-1k)->transfer(SDog120,0.1)->quantize(qint8)"
SDog120,NegativeSubsample10,SAC,test,200,"pretrain(mbnetv2,imagenet-1k)->transfer(SDog120,1.0)",0.1258212289540097,"pretrain(resnet18,imagenet-1k)->transfer(SDog120,0.1)->steal(mbnetv2)"
SDog120,NegativeSubsample10,SAC,test,200,"pretrain(mbnetv2,imagenet-1k)->transfer(SDog120,1.0)",0.11815391096752137,"pretrain(resnet18,imagenet-1k)->transfer(SDog120,0.1)->steal(resnet18)"
SDog120,NegativeSubsample10,SAC,test,200,"pretrain(mbnetv2,imagenet-1k)->transfer(SDog120,1.0)",0.11822332604788244,"pretrain(resnet18,imagenet-1k)->transfer(SDog120,0.1)->distill()"
SDog120,NegativeSubsample10,SAC,test,200,"pretrain(mbnetv2,imagenet-1k)->transfer(SDog120,1.0)",0.11812543694395572,"pretrain(resnet18,imagenet-1k)->transfer(SDog120,0.5)"
SDog120,NegativeSubsample10,SAC,test,200,"pretrain(mbnetv2,imagenet-1k)->transfer(SDog120,1.0)",0.11812209594063461,"pretrain(resnet18,imagenet-1k)->transfer(SDog120,0.5)->prune(0.2)"
SDog120,NegativeSubsample10,SAC,test,200,"pretrain(mbnetv2,imagenet-1k)->transfer(SDog120,1.0)",0.11813383502885699,"pretrain(resnet18,imagenet-1k)->transfer(SDog120,0.5)->prune(0.5)"
SDog120,NegativeSubsample10,SAC,test,200,"pretrain(mbnetv2,imagenet-1k)->transfer(SDog120,1.0)",0.11816107796039432,"pretrain(resnet18,imagenet-1k)->transfer(SDog120,0.5)->prune(0.8)"
SDog120,NegativeSubsample10,SAC,test,200,"pretrain(mbnetv2,imagenet-1k)->transfer(SDog120,1.0)",1.1230418409686536,"pretrain(resnet18,imagenet-1k)->transfer(SDog120,0.5)->quantize(float16)"
SDog120,NegativeSubsample10,SAC,test,200,"pretrain(mbnetv2,imagenet-1k)->transfer(SDog120,1.0)",1.1177373259561136,"pretrain(resnet18,imagenet-1k)->transfer(SDog120,0.5)->quantize(qint8)"
SDog120,NegativeSubsample10,SAC,test,200,"pretrain(mbnetv2,imagenet-1k)->transfer(SDog120,1.0)",0.1259480209555477,"pretrain(resnet18,imagenet-1k)->transfer(SDog120,0.5)->steal(mbnetv2)"
SDog120,NegativeSubsample10,SAC,test,200,"pretrain(mbnetv2,imagenet-1k)->transfer(SDog120,1.0)",0.12470032298006117,"pretrain(resnet18,imagenet-1k)->transfer(SDog120,0.5)->steal(resnet18)"
SDog120,NegativeSubsample10,SAC,test,200,"pretrain(mbnetv2,imagenet-1k)->transfer(SDog120,1.0)",0.11850269394926727,"pretrain(resnet18,imagenet-1k)->transfer(SDog120,0.5)->distill()"
SDog120,NegativeSubsample10,SAC,test,200,"pretrain(mbnetv2,imagenet-1k)->transfer(SDog120,1.0)",0.11825581092853099,"pretrain(resnet18,imagenet-1k)->transfer(SDog120,1.0)"
SDog120,NegativeSubsample10,SAC,test,200,"pretrain(mbnetv2,imagenet-1k)->transfer(SDog120,1.0)",0.11796172999311239,"pretrain(resnet18,imagenet-1k)->transfer(SDog120,1.0)->prune(0.2)"
SDog120,NegativeSubsample10,SAC,test,200,"pretrain(mbnetv2,imagenet-1k)->transfer(SDog120,1.0)",0.11800026998389512,"pretrain(resnet18,imagenet-1k)->transfer(SDog120,1.0)->prune(0.5)"
SDog120,NegativeSubsample10,SAC,test,200,"pretrain(mbnetv2,imagenet-1k)->transfer(SDog120,1.0)",0.11801514495164156,"pretrain(resnet18,imagenet-1k)->transfer(SDog120,1.0)->prune(0.8)"
SDog120,NegativeSubsample10,SAC,test,200,"pretrain(mbnetv2,imagenet-1k)->transfer(SDog120,1.0)",1.1199148249579594,"pretrain(resnet18,imagenet-1k)->transfer(SDog120,1.0)->quantize(float16)"
SDog120,NegativeSubsample10,SAC,test,200,"pretrain(mbnetv2,imagenet-1k)->transfer(SDog120,1.0)",1.1194656300358474,"pretrain(resnet18,imagenet-1k)->transfer(SDog120,1.0)->quantize(qint8)"
SDog120,NegativeSubsample10,SAC,test,200,"pretrain(mbnetv2,imagenet-1k)->transfer(SDog120,1.0)",0.12900620000436902,"pretrain(resnet18,imagenet-1k)->transfer(SDog120,1.0)->steal(mbnetv2)"
SDog120,NegativeSubsample10,SAC,test,200,"pretrain(mbnetv2,imagenet-1k)->transfer(SDog120,1.0)",0.11801569093950093,"pretrain(resnet18,imagenet-1k)->transfer(SDog120,1.0)->steal(resnet18)"
SDog120,NegativeSubsample10,SAC,test,200,"pretrain(mbnetv2,imagenet-1k)->transfer(SDog120,1.0)",0.11844625498633832,"pretrain(resnet18,imagenet-1k)->transfer(SDog120,1.0)->distill()"
SDog120,NegativeSubsample10,SAC,test,200,"pretrain(mbnetv2,imagenet-1k)->transfer(SDog120,1.0)",0.12568906391970813,"train(mbnetv2,SDog120)"
SDog120,NegativeSubsample10,SAC,test,200,"pretrain(mbnetv2,imagenet-1k)->transfer(SDog120,1.0)",0.12584758608136326,"train(mbnetv2,SDog120)->prune(0.2)"
SDog120,NegativeSubsample10,SAC,test,200,"pretrain(mbnetv2,imagenet-1k)->transfer(SDog120,1.0)",0.12588691897690296,"train(mbnetv2,SDog120)->prune(0.5)"
SDog120,NegativeSubsample10,SAC,test,200,"pretrain(mbnetv2,imagenet-1k)->transfer(SDog120,1.0)",0.12609608005732298,"train(mbnetv2,SDog120)->prune(0.8)"
SDog120,NegativeSubsample10,SAC,test,200,"pretrain(mbnetv2,imagenet-1k)->transfer(SDog120,1.0)",0.1258006589487195,"train(mbnetv2,SDog120)->steal(mbnetv2)"
SDog120,NegativeSubsample10,SAC,test,200,"pretrain(mbnetv2,imagenet-1k)->transfer(SDog120,1.0)",0.11812870006542653,"train(mbnetv2,SDog120)->steal(resnet18)"
SDog120,NegativeSubsample10,SAC,test,200,"pretrain(mbnetv2,imagenet-1k)->transfer(SDog120,1.0)",0.12581359304022044,"train(mbnetv2,SDog120)->distill()"
SDog120,NegativeSubsample10,SAC,test,200,"pretrain(mbnetv2,imagenet-1k)->transfer(SDog120,1.0)",0.11854772397782654,"train(resnet18,SDog120)"
SDog120,NegativeSubsample10,SAC,test,200,"pretrain(mbnetv2,imagenet-1k)->transfer(SDog120,1.0)",0.11866029596421868,"train(resnet18,SDog120)->prune(0.2)"
SDog120,NegativeSubsample10,SAC,test,200,"pretrain(mbnetv2,imagenet-1k)->transfer(SDog120,1.0)",0.11818173201754689,"train(resnet18,SDog120)->prune(0.5)"
SDog120,NegativeSubsample10,SAC,test,200,"pretrain(mbnetv2,imagenet-1k)->transfer(SDog120,1.0)",0.1241131869610399,"train(resnet18,SDog120)->prune(0.8)"
SDog120,NegativeSubsample10,SAC,test,200,"pretrain(mbnetv2,imagenet-1k)->transfer(SDog120,1.0)",0.12604488001670688,"train(resnet18,SDog120)->steal(mbnetv2)"
SDog120,NegativeSubsample10,SAC,test,200,"pretrain(mbnetv2,imagenet-1k)->transfer(SDog120,1.0)",0.11835755803622305,"train(resnet18,SDog120)->steal(resnet18)"
SDog120,NegativeSubsample10,SAC,test,200,"pretrain(mbnetv2,imagenet-1k)->transfer(SDog120,1.0)",0.1184366469969973,"train(resnet18,SDog120)->distill()"
SDog120,NegativeSubsample10,SAC,test,200,"pretrain(resnet18,imagenet-1k)->transfer(SDog120,0.1)",0.11978204699698836,
SDog120,NegativeSubsample10,SAC,test,200,"pretrain(resnet18,imagenet-1k)->transfer(SDog120,0.1)",0.13027277193032205,"pretrain(mbnetv2,imagenet-1k)->transfer(SDog120,0.1)"
SDog120,NegativeSubsample10,SAC,test,200,"pretrain(resnet18,imagenet-1k)->transfer(SDog120,0.1)",0.1291176179656759,"pretrain(mbnetv2,imagenet-1k)->transfer(SDog120,0.1)->prune(0.2)"
SDog120,NegativeSubsample10,SAC,test,200,"pretrain(resnet18,imagenet-1k)->transfer(SDog120,0.1)",0.12775643402710557,"pretrain(mbnetv2,imagenet-1k)->transfer(SDog120,0.1)->prune(0.5)"
SDog120,NegativeSubsample10,SAC,test,200,"pretrain(resnet18,imagenet-1k)->transfer(SDog120,0.1)",0.12950513290707022,"pretrain(mbnetv2,imagenet-1k)->transfer(SDog120,0.1)->prune(0.8)"
SDog120,NegativeSubsample10,SAC,test,200,"pretrain(resnet18,imagenet-1k)->transfer(SDog120,0.1)",1.1659106450388208,"pretrain(mbnetv2,imagenet-1k)->transfer(SDog120,0.1)->quantize(float16)"
SDog120,NegativeSubsample10,SAC,test,200,"pretrain(resnet18,imagenet-1k)->transfer(SDog120,0.1)",1.139917133958079,"pretrain(mbnetv2,imagenet-1k)->transfer(SDog120,0.1)->quantize(qint8)"
SDog120,NegativeSubsample10,SAC,test,200,"pretrain(resnet18,imagenet-1k)->transfer(SDog120,0.1)",0.12776431802194566,"pretrain(mbnetv2,imagenet-1k)->transfer(SDog120,0.1)->steal(mbnetv2)"
SDog120,NegativeSubsample10,SAC,test,200,"pretrain(resnet18,imagenet-1k)->transfer(SDog120,0.1)",0.11800821009092033,"pretrain(mbnetv2,imagenet-1k)->transfer(SDog120,0.1)->steal(resnet18)"
SDog120,NegativeSubsample10,SAC,test,200,"pretrain(resnet18,imagenet-1k)->transfer(SDog120,0.1)",0.12572325998917222,"pretrain(mbnetv2,imagenet-1k)->transfer(SDog120,0.1)->distill()"
SDog120,NegativeSubsample10,SAC,test,200,"pretrain(resnet18,imagenet-1k)->transfer(SDog120,0.1)",0.12569508899468929,"pretrain(mbnetv2,imagenet-1k)->transfer(SDog120,0.5)"
SDog120,NegativeSubsample10,SAC,test,200,"pretrain(resnet18,imagenet-1k)->transfer(SDog120,0.1)",0.12582065595779568,"pretrain(mbnetv2,imagenet-1k)->transfer(SDog120,0.5)->prune(0.2)"
SDog120,NegativeSubsample10,SAC,test,200,"pretrain(resnet18,imagenet-1k)->transfer(SDog120,0.1)",0.12578493996988982,"pretrain(mbnetv2,imagenet-1k)->transfer(SDog120,0.5)->prune(0.5)"
SDog120,NegativeSubsample10,SAC,test,200,"pretrain(resnet18,imagenet-1k)->transfer(SDog120,0.1)",0.12562563200481236,"pretrain(mbnetv2,imagenet-1k)->transfer(SDog120,0.5)->prune(0.8)"
SDog120,NegativeSubsample10,SAC,test,200,"pretrain(resnet18,imagenet-1k)->transfer(SDog120,0.1)",1.1753808509092778,"pretrain(mbnetv2,imagenet-1k)->transfer(SDog120,0.5)->quantize(float16)"
SDog120,NegativeSubsample10,SAC,test,200,"pretrain(resnet18,imagenet-1k)->transfer(SDog120,0.1)",1.1812465600669384,"pretrain(mbnetv2,imagenet-1k)->transfer(SDog120,0.5)->quantize(qint8)"
SDog120,NegativeSubsample10,SAC,test,200,"pretrain(resnet18,imagenet-1k)->transfer(SDog120,0.1)",0.12779333000071347,"pretrain(mbnetv2,imagenet-1k)->transfer(SDog120,0.5)->steal(mbnetv2)"
SDog120,NegativeSubsample10,SAC,test,200,"pretrain(resnet18,imagenet-1k)->transfer(SDog120,0.1)",0.11759581603109837,"pretrain(mbnetv2,imagenet-1k)->transfer(SDog120,0.5)->steal(resnet18)"
SDog120,NegativeSubsample10,SAC,test,200,"pretrain(resnet18,imagenet-1k)->transfer(SDog120,0.1)",0.12587838200852275,"pretrain(mbnetv2,imagenet-1k)->transfer(SDog120,0.5)->distill()"
SDog120,NegativeSubsample10,SAC,test,200,"pretrain(resnet18,imagenet-1k)->transfer(SDog120,0.1)",0.12546561297494918,"pretrain(mbnetv2,imagenet-1k)->transfer(SDog120,1.0)"
SDog120,NegativeSubsample10,SAC,test,200,"pretrain(resnet18,imagenet-1k)->transfer(SDog120,0.1)",0.12529243202880025,"pretrain(mbnetv2,imagenet-1k)->transfer(SDog120,1.0)->prune(0.2)"
SDog120,NegativeSubsample10,SAC,test,200,"pretrain(resnet18,imagenet-1k)->transfer(SDog120,0.1)",0.12499596306588501,"pretrain(mbnetv2,imagenet-1k)->transfer(SDog120,1.0)->prune(0.5)"
SDog120,NegativeSubsample10,SAC,test,200,"pretrain(resnet18,imagenet-1k)->transfer(SDog120,0.1)",0.12525367992930114,"pretrain(mbnetv2,imagenet-1k)->transfer(SDog120,1.0)->prune(0.8)"
SDog120,NegativeSubsample10,SAC,test,200,"pretrain(resnet18,imagenet-1k)->transfer(SDog120,0.1)",1.171115759992972,"pretrain(mbnetv2,imagenet-1k)->transfer(SDog120,1.0)->quantize(float16)"
SDog120,NegativeSubsample10,SAC,test,200,"pretrain(resnet18,imagenet-1k)->transfer(SDog120,0.1)",1.123943742015399,"pretrain(mbnetv2,imagenet-1k)->transfer(SDog120,1.0)->quantize(qint8)"
SDog120,NegativeSubsample10,SAC,test,200,"pretrain(resnet18,imagenet-1k)->transfer(SDog120,0.1)",0.1273421689402312,"pretrain(mbnetv2,imagenet-1k)->transfer(SDog120,1.0)->steal(mbnetv2)"
SDog120,NegativeSubsample10,SAC,test,200,"pretrain(resnet18,imagenet-1k)->transfer(SDog120,0.1)",0.11783387197647244,"pretrain(mbnetv2,imagenet-1k)->transfer(SDog120,1.0)->steal(resnet18)"
SDog120,NegativeSubsample10,SAC,test,200,"pretrain(resnet18,imagenet-1k)->transfer(SDog120,0.1)",0.1253202799707651,"pretrain(mbnetv2,imagenet-1k)->transfer(SDog120,1.0)->distill()"
SDog120,NegativeSubsample10,SAC,test,200,"pretrain(resnet18,imagenet-1k)->transfer(SDog120,0.1)",0.11768546199891716,"pretrain(resnet18,imagenet-1k)->transfer(SDog120,0.1)"
SDog120,NegativeSubsample10,SAC,test,200,"pretrain(resnet18,imagenet-1k)->transfer(SDog120,0.1)",0.11734497593715787,"pretrain(resnet18,imagenet-1k)->transfer(SDog120,0.1)->prune(0.2)"
SDog120,NegativeSubsample10,SAC,test,200,"pretrain(resnet18,imagenet-1k)->transfer(SDog120,0.1)",0.11725788202602416,"pretrain(resnet18,imagenet-1k)->transfer(SDog120,0.1)->prune(0.5)"
SDog120,NegativeSubsample10,SAC,test,200,"pretrain(resnet18,imagenet-1k)->transfer(SDog120,0.1)",0.11737708502914757,"pretrain(resnet18,imagenet-1k)->transfer(SDog120,0.1)->prune(0.8)"
SDog120,NegativeSubsample10,SAC,test,200,"pretrain(resnet18,imagenet-1k)->transfer(SDog120,0.1)",1.1847965179476887,"pretrain(resnet18,imagenet-1k)->transfer(SDog120,0.1)->quantize(float16)"
SDog120,NegativeSubsample10,SAC,test,200,"pretrain(resnet18,imagenet-1k)->transfer(SDog120,0.1)",1.1073224830906838,"pretrain(resnet18,imagenet-1k)->transfer(SDog120,0.1)->quantize(qint8)"
SDog120,NegativeSubsample10,SAC,test,200,"pretrain(resnet18,imagenet-1k)->transfer(SDog120,0.1)",0.12513395107816905,"pretrain(resnet18,imagenet-1k)->transfer(SDog120,0.1)->steal(mbnetv2)"
SDog120,NegativeSubsample10,SAC,test,200,"pretrain(resnet18,imagenet-1k)->transfer(SDog120,0.1)",0.11715172999538481,"pretrain(resnet18,imagenet-1k)->transfer(SDog120,0.1)->steal(resnet18)"
SDog120,NegativeSubsample10,SAC,test,200,"pretrain(resnet18,imagenet-1k)->transfer(SDog120,0.1)",0.11744491697754711,"pretrain(resnet18,imagenet-1k)->transfer(SDog120,0.1)->distill()"
SDog120,NegativeSubsample10,SAC,test,200,"pretrain(resnet18,imagenet-1k)->transfer(SDog120,0.1)",0.11751088593155146,"pretrain(resnet18,imagenet-1k)->transfer(SDog120,0.5)"
SDog120,NegativeSubsample10,SAC,test,200,"pretrain(resnet18,imagenet-1k)->transfer(SDog120,0.1)",0.11764680605847389,"pretrain(resnet18,imagenet-1k)->transfer(SDog120,0.5)->prune(0.2)"
SDog120,NegativeSubsample10,SAC,test,200,"pretrain(resnet18,imagenet-1k)->transfer(SDog120,0.1)",0.1175727650988847,"pretrain(resnet18,imagenet-1k)->transfer(SDog120,0.5)->prune(0.5)"
SDog120,NegativeSubsample10,SAC,test,200,"pretrain(resnet18,imagenet-1k)->transfer(SDog120,0.1)",0.11755136807914823,"pretrain(resnet18,imagenet-1k)->transfer(SDog120,0.5)->prune(0.8)"
SDog120,NegativeSubsample10,SAC,test,200,"pretrain(resnet18,imagenet-1k)->transfer(SDog120,0.1)",1.10305650299415,"pretrain(resnet18,imagenet-1k)->transfer(SDog120,0.5)->quantize(float16)"
SDog120,NegativeSubsample10,SAC,test,200,"pretrain(resnet18,imagenet-1k)->transfer(SDog120,0.1)",1.0937442950671539,"pretrain(resnet18,imagenet-1k)->transfer(SDog120,0.5)->quantize(qint8)"
SDog120,NegativeSubsample10,SAC,test,200,"pretrain(resnet18,imagenet-1k)->transfer(SDog120,0.1)",0.11915540392510593,"pretrain(resnet18,imagenet-1k)->transfer(SDog120,0.5)->steal(mbnetv2)"
SDog120,NegativeSubsample10,SAC,test,200,"pretrain(resnet18,imagenet-1k)->transfer(SDog120,0.1)",0.11760183493606746,"pretrain(resnet18,imagenet-1k)->transfer(SDog120,0.5)->steal(resnet18)"
SDog120,NegativeSubsample10,SAC,test,200,"pretrain(resnet18,imagenet-1k)->transfer(SDog120,0.1)",0.11789500701706856,"pretrain(resnet18,imagenet-1k)->transfer(SDog120,0.5)->distill()"
SDog120,NegativeSubsample10,SAC,test,200,"pretrain(resnet18,imagenet-1k)->transfer(SDog120,0.1)",0.1307524109724909,"pretrain(resnet18,imagenet-1k)->transfer(SDog120,1.0)"
SDog120,NegativeSubsample10,SAC,test,200,"pretrain(resnet18,imagenet-1k)->transfer(SDog120,0.1)",0.12147770798765123,"pretrain(resnet18,imagenet-1k)->transfer(SDog120,1.0)->prune(0.2)"
SDog120,NegativeSubsample10,SAC,test,200,"pretrain(resnet18,imagenet-1k)->transfer(SDog120,0.1)",0.11972555192187428,"pretrain(resnet18,imagenet-1k)->transfer(SDog120,1.0)->prune(0.5)"
SDog120,NegativeSubsample10,SAC,test,200,"pretrain(resnet18,imagenet-1k)->transfer(SDog120,0.1)",0.11971709702629596,"pretrain(resnet18,imagenet-1k)->transfer(SDog120,1.0)->prune(0.8)"
SDog120,NegativeSubsample10,SAC,test,200,"pretrain(resnet18,imagenet-1k)->transfer(SDog120,0.1)",1.1096678060712293,"pretrain(resnet18,imagenet-1k)->transfer(SDog120,1.0)->quantize(float16)"
SDog120,NegativeSubsample10,SAC,test,200,"pretrain(resnet18,imagenet-1k)->transfer(SDog120,0.1)",1.1053661699406803,"pretrain(resnet18,imagenet-1k)->transfer(SDog120,1.0)->quantize(qint8)"
SDog120,NegativeSubsample10,SAC,test,200,"pretrain(resnet18,imagenet-1k)->transfer(SDog120,0.1)",0.12640180892776698,"pretrain(resnet18,imagenet-1k)->transfer(SDog120,1.0)->steal(mbnetv2)"
SDog120,NegativeSubsample10,SAC,test,200,"pretrain(resnet18,imagenet-1k)->transfer(SDog120,0.1)",0.11927007301710546,"pretrain(resnet18,imagenet-1k)->transfer(SDog120,1.0)->steal(resnet18)"
SDog120,NegativeSubsample10,SAC,test,200,"pretrain(resnet18,imagenet-1k)->transfer(SDog120,0.1)",0.11875879997387528,"pretrain(resnet18,imagenet-1k)->transfer(SDog120,1.0)->distill()"
SDog120,NegativeSubsample10,SAC,test,200,"pretrain(resnet18,imagenet-1k)->transfer(SDog120,0.1)",0.1267271200194955,"train(mbnetv2,SDog120)"
SDog120,NegativeSubsample10,SAC,test,200,"pretrain(resnet18,imagenet-1k)->transfer(SDog120,0.1)",0.12643043894786388,"train(mbnetv2,SDog120)->prune(0.2)"
SDog120,NegativeSubsample10,SAC,test,200,"pretrain(resnet18,imagenet-1k)->transfer(SDog120,0.1)",0.12643379904329777,"train(mbnetv2,SDog120)->prune(0.5)"
SDog120,NegativeSubsample10,SAC,test,200,"pretrain(resnet18,imagenet-1k)->transfer(SDog120,0.1)",0.12629845400806516,"train(mbnetv2,SDog120)->prune(0.8)"
SDog120,NegativeSubsample10,SAC,test,200,"pretrain(resnet18,imagenet-1k)->transfer(SDog120,0.1)",0.12632109690457582,"train(mbnetv2,SDog120)->steal(mbnetv2)"
SDog120,NegativeSubsample10,SAC,test,200,"pretrain(resnet18,imagenet-1k)->transfer(SDog120,0.1)",0.11869152507279068,"train(mbnetv2,SDog120)->steal(resnet18)"
SDog120,NegativeSubsample10,SAC,test,200,"pretrain(resnet18,imagenet-1k)->transfer(SDog120,0.1)",0.12640601501334459,"train(mbnetv2,SDog120)->distill()"
SDog120,NegativeSubsample10,SAC,test,200,"pretrain(resnet18,imagenet-1k)->transfer(SDog120,0.1)",0.11886991804931313,"train(resnet18,SDog120)"
SDog120,NegativeSubsample10,SAC,test,200,"pretrain(resnet18,imagenet-1k)->transfer(SDog120,0.1)",0.11907557398080826,"train(resnet18,SDog120)->prune(0.2)"
SDog120,NegativeSubsample10,SAC,test,200,"pretrain(resnet18,imagenet-1k)->transfer(SDog120,0.1)",0.11889540799893439,"train(resnet18,SDog120)->prune(0.5)"
SDog120,NegativeSubsample10,SAC,test,200,"pretrain(resnet18,imagenet-1k)->transfer(SDog120,0.1)",0.1183902689954266,"train(resnet18,SDog120)->prune(0.8)"
SDog120,NegativeSubsample10,SAC,test,200,"pretrain(resnet18,imagenet-1k)->transfer(SDog120,0.1)",0.16177749203052372,"train(resnet18,SDog120)->steal(mbnetv2)"
SDog120,NegativeSubsample10,SAC,test,200,"pretrain(resnet18,imagenet-1k)->transfer(SDog120,0.1)",0.11752617999445647,"train(resnet18,SDog120)->steal(resnet18)"
SDog120,NegativeSubsample10,SAC,test,200,"pretrain(resnet18,imagenet-1k)->transfer(SDog120,0.1)",0.11725310899782926,"train(resnet18,SDog120)->distill()"
SDog120,NegativeSubsample10,SAC,test,200,"pretrain(resnet18,imagenet-1k)->transfer(SDog120,0.5)",0.11924880498554558,
SDog120,NegativeSubsample10,SAC,test,200,"pretrain(resnet18,imagenet-1k)->transfer(SDog120,0.5)",0.12644071807153523,"pretrain(mbnetv2,imagenet-1k)->transfer(SDog120,0.1)"
SDog120,NegativeSubsample10,SAC,test,200,"pretrain(resnet18,imagenet-1k)->transfer(SDog120,0.5)",0.12635984201915562,"pretrain(mbnetv2,imagenet-1k)->transfer(SDog120,0.1)->prune(0.2)"
SDog120,NegativeSubsample10,SAC,test,200,"pretrain(resnet18,imagenet-1k)->transfer(SDog120,0.5)",0.12642929702997208,"pretrain(mbnetv2,imagenet-1k)->transfer(SDog120,0.1)->prune(0.5)"
SDog120,NegativeSubsample10,SAC,test,200,"pretrain(resnet18,imagenet-1k)->transfer(SDog120,0.5)",0.1264254410052672,"pretrain(mbnetv2,imagenet-1k)->transfer(SDog120,0.1)->prune(0.8)"
SDog120,NegativeSubsample10,SAC,test,200,"pretrain(resnet18,imagenet-1k)->transfer(SDog120,0.5)",1.187966551980935,"pretrain(mbnetv2,imagenet-1k)->transfer(SDog120,0.1)->quantize(float16)"
SDog120,NegativeSubsample10,SAC,test,200,"pretrain(resnet18,imagenet-1k)->transfer(SDog120,0.5)",1.1440663110697642,"pretrain(mbnetv2,imagenet-1k)->transfer(SDog120,0.1)->quantize(qint8)"
SDog120,NegativeSubsample10,SAC,test,200,"pretrain(resnet18,imagenet-1k)->transfer(SDog120,0.5)",0.12896720704156905,"pretrain(mbnetv2,imagenet-1k)->transfer(SDog120,0.1)->steal(mbnetv2)"
SDog120,NegativeSubsample10,SAC,test,200,"pretrain(resnet18,imagenet-1k)->transfer(SDog120,0.5)",0.1187708229990676,"pretrain(mbnetv2,imagenet-1k)->transfer(SDog120,0.1)->steal(resnet18)"
SDog120,NegativeSubsample10,SAC,test,200,"pretrain(resnet18,imagenet-1k)->transfer(SDog120,0.5)",0.1266671089688316,"pretrain(mbnetv2,imagenet-1k)->transfer(SDog120,0.1)->distill()"
SDog120,NegativeSubsample10,SAC,test,200,"pretrain(resnet18,imagenet-1k)->transfer(SDog120,0.5)",0.12722070806194097,"pretrain(mbnetv2,imagenet-1k)->transfer(SDog120,0.5)"
SDog120,NegativeSubsample10,SAC,test,200,"pretrain(resnet18,imagenet-1k)->transfer(SDog120,0.5)",0.12733907299116254,"pretrain(mbnetv2,imagenet-1k)->transfer(SDog120,0.5)->prune(0.2)"
SDog120,NegativeSubsample10,SAC,test,200,"pretrain(resnet18,imagenet-1k)->transfer(SDog120,0.5)",0.1265628800028935,"pretrain(mbnetv2,imagenet-1k)->transfer(SDog120,0.5)->prune(0.5)"
SDog120,NegativeSubsample10,SAC,test,200,"pretrain(resnet18,imagenet-1k)->transfer(SDog120,0.5)",0.1265283019747585,"pretrain(mbnetv2,imagenet-1k)->transfer(SDog120,0.5)->prune(0.8)"
SDog120,NegativeSubsample10,SAC,test,200,"pretrain(resnet18,imagenet-1k)->transfer(SDog120,0.5)",1.1878514819545671,"pretrain(mbnetv2,imagenet-1k)->transfer(SDog120,0.5)->quantize(float16)"
SDog120,NegativeSubsample10,SAC,test,200,"pretrain(resnet18,imagenet-1k)->transfer(SDog120,0.5)",1.2400778910377994,"pretrain(mbnetv2,imagenet-1k)->transfer(SDog120,0.5)->quantize(qint8)"
SDog120,NegativeSubsample10,SAC,test,200,"pretrain(resnet18,imagenet-1k)->transfer(SDog120,0.5)",0.12709106400143355,"pretrain(mbnetv2,imagenet-1k)->transfer(SDog120,0.5)->steal(mbnetv2)"
SDog120,NegativeSubsample10,SAC,test,200,"pretrain(resnet18,imagenet-1k)->transfer(SDog120,0.5)",0.11891271895729005,"pretrain(mbnetv2,imagenet-1k)->transfer(SDog120,0.5)->steal(resnet18)"
SDog120,NegativeSubsample10,SAC,test,200,"pretrain(resnet18,imagenet-1k)->transfer(SDog120,0.5)",0.12609145499300212,"pretrain(mbnetv2,imagenet-1k)->transfer(SDog120,0.5)->distill()"
SDog120,NegativeSubsample10,SAC,test,200,"pretrain(resnet18,imagenet-1k)->transfer(SDog120,0.5)",0.12617464608047158,"pretrain(mbnetv2,imagenet-1k)->transfer(SDog120,1.0)"
SDog120,NegativeSubsample10,SAC,test,200,"pretrain(resnet18,imagenet-1k)->transfer(SDog120,0.5)",0.1260562229435891,"pretrain(mbnetv2,imagenet-1k)->transfer(SDog120,1.0)->prune(0.2)"
SDog120,NegativeSubsample10,SAC,test,200,"pretrain(resnet18,imagenet-1k)->transfer(SDog120,0.5)",0.1295116419205442,"pretrain(mbnetv2,imagenet-1k)->transfer(SDog120,1.0)->prune(0.5)"
SDog120,NegativeSubsample10,SAC,test,200,"pretrain(resnet18,imagenet-1k)->transfer(SDog120,0.5)",0.12648086296394467,"pretrain(mbnetv2,imagenet-1k)->transfer(SDog120,1.0)->prune(0.8)"
SDog120,NegativeSubsample10,SAC,test,200,"pretrain(resnet18,imagenet-1k)->transfer(SDog120,0.5)",1.1877781510120258,"pretrain(mbnetv2,imagenet-1k)->transfer(SDog120,1.0)->quantize(float16)"
SDog120,NegativeSubsample10,SAC,test,200,"pretrain(resnet18,imagenet-1k)->transfer(SDog120,0.5)",1.1432111680041999,"pretrain(mbnetv2,imagenet-1k)->transfer(SDog120,1.0)->quantize(qint8)"
SDog120,NegativeSubsample10,SAC,test,200,"pretrain(resnet18,imagenet-1k)->transfer(SDog120,0.5)",0.12495616404339671,"pretrain(mbnetv2,imagenet-1k)->transfer(SDog120,1.0)->steal(mbnetv2)"
SDog120,NegativeSubsample10,SAC,test,200,"pretrain(resnet18,imagenet-1k)->transfer(SDog120,0.5)",0.11764146096538752,"pretrain(mbnetv2,imagenet-1k)->transfer(SDog120,1.0)->steal(resnet18)"
SDog120,NegativeSubsample10,SAC,test,200,"pretrain(resnet18,imagenet-1k)->transfer(SDog120,0.5)",0.12503918504808098,"pretrain(mbnetv2,imagenet-1k)->transfer(SDog120,1.0)->distill()"
SDog120,NegativeSubsample10,SAC,test,200,"pretrain(resnet18,imagenet-1k)->transfer(SDog120,0.5)",0.11760704300832003,"pretrain(resnet18,imagenet-1k)->transfer(SDog120,0.1)"
SDog120,NegativeSubsample10,SAC,test,200,"pretrain(resnet18,imagenet-1k)->transfer(SDog120,0.5)",0.11786370992194861,"pretrain(resnet18,imagenet-1k)->transfer(SDog120,0.1)->prune(0.2)"
SDog120,NegativeSubsample10,SAC,test,200,"pretrain(resnet18,imagenet-1k)->transfer(SDog120,0.5)",0.1191028340253979,"pretrain(resnet18,imagenet-1k)->transfer(SDog120,0.1)->prune(0.5)"
SDog120,NegativeSubsample10,SAC,test,200,"pretrain(resnet18,imagenet-1k)->transfer(SDog120,0.5)",0.11898368003312498,"pretrain(resnet18,imagenet-1k)->transfer(SDog120,0.1)->prune(0.8)"
SDog120,NegativeSubsample10,SAC,test,200,"pretrain(resnet18,imagenet-1k)->transfer(SDog120,0.5)",1.1896712511079386,"pretrain(resnet18,imagenet-1k)->transfer(SDog120,0.1)->quantize(float16)"
SDog120,NegativeSubsample10,SAC,test,200,"pretrain(resnet18,imagenet-1k)->transfer(SDog120,0.5)",1.090516449068673,"pretrain(resnet18,imagenet-1k)->transfer(SDog120,0.1)->quantize(qint8)"
SDog120,NegativeSubsample10,SAC,test,200,"pretrain(resnet18,imagenet-1k)->transfer(SDog120,0.5)",0.1264924369752407,"pretrain(resnet18,imagenet-1k)->transfer(SDog120,0.1)->steal(mbnetv2)"
SDog120,NegativeSubsample10,SAC,test,200,"pretrain(resnet18,imagenet-1k)->transfer(SDog120,0.5)",0.1188501319848001,"pretrain(resnet18,imagenet-1k)->transfer(SDog120,0.1)->steal(resnet18)"
SDog120,NegativeSubsample10,SAC,test,200,"pretrain(resnet18,imagenet-1k)->transfer(SDog120,0.5)",0.11882141698151827,"pretrain(resnet18,imagenet-1k)->transfer(SDog120,0.1)->distill()"
SDog120,NegativeSubsample10,SAC,test,200,"pretrain(resnet18,imagenet-1k)->transfer(SDog120,0.5)",0.11893446103204042,"pretrain(resnet18,imagenet-1k)->transfer(SDog120,0.5)"
SDog120,NegativeSubsample10,SAC,test,200,"pretrain(resnet18,imagenet-1k)->transfer(SDog120,0.5)",0.11916355299763381,"pretrain(resnet18,imagenet-1k)->transfer(SDog120,0.5)->prune(0.2)"
SDog120,NegativeSubsample10,SAC,test,200,"pretrain(resnet18,imagenet-1k)->transfer(SDog120,0.5)",0.11893289803992957,"pretrain(resnet18,imagenet-1k)->transfer(SDog120,0.5)->prune(0.5)"
SDog120,NegativeSubsample10,SAC,test,200,"pretrain(resnet18,imagenet-1k)->transfer(SDog120,0.5)",0.1187207440380007,"pretrain(resnet18,imagenet-1k)->transfer(SDog120,0.5)->prune(0.8)"
SDog120,NegativeSubsample10,SAC,test,200,"pretrain(resnet18,imagenet-1k)->transfer(SDog120,0.5)",1.1190615410450846,"pretrain(resnet18,imagenet-1k)->transfer(SDog120,0.5)->quantize(float16)"
SDog120,NegativeSubsample10,SAC,test,200,"pretrain(resnet18,imagenet-1k)->transfer(SDog120,0.5)",1.1167615118902177,"pretrain(resnet18,imagenet-1k)->transfer(SDog120,0.5)->quantize(qint8)"
SDog120,NegativeSubsample10,SAC,test,200,"pretrain(resnet18,imagenet-1k)->transfer(SDog120,0.5)",0.12641886505298316,"pretrain(resnet18,imagenet-1k)->transfer(SDog120,0.5)->steal(mbnetv2)"
SDog120,NegativeSubsample10,SAC,test,200,"pretrain(resnet18,imagenet-1k)->transfer(SDog120,0.5)",0.11864885105751455,"pretrain(resnet18,imagenet-1k)->transfer(SDog120,0.5)->steal(resnet18)"
SDog120,NegativeSubsample10,SAC,test,200,"pretrain(resnet18,imagenet-1k)->transfer(SDog120,0.5)",0.11892756097950041,"pretrain(resnet18,imagenet-1k)->transfer(SDog120,0.5)->distill()"
SDog120,NegativeSubsample10,SAC,test,200,"pretrain(resnet18,imagenet-1k)->transfer(SDog120,0.5)",0.1190288090147078,"pretrain(resnet18,imagenet-1k)->transfer(SDog120,1.0)"
SDog120,NegativeSubsample10,SAC,test,200,"pretrain(resnet18,imagenet-1k)->transfer(SDog120,0.5)",0.11885551898740232,"pretrain(resnet18,imagenet-1k)->transfer(SDog120,1.0)->prune(0.2)"
SDog120,NegativeSubsample10,SAC,test,200,"pretrain(resnet18,imagenet-1k)->transfer(SDog120,0.5)",0.1190747250802815,"pretrain(resnet18,imagenet-1k)->transfer(SDog120,1.0)->prune(0.5)"
SDog120,NegativeSubsample10,SAC,test,200,"pretrain(resnet18,imagenet-1k)->transfer(SDog120,0.5)",0.12029072199948132,"pretrain(resnet18,imagenet-1k)->transfer(SDog120,1.0)->prune(0.8)"
SDog120,NegativeSubsample10,SAC,test,200,"pretrain(resnet18,imagenet-1k)->transfer(SDog120,0.5)",1.1849115539807826,"pretrain(resnet18,imagenet-1k)->transfer(SDog120,1.0)->quantize(float16)"
SDog120,NegativeSubsample10,SAC,test,200,"pretrain(resnet18,imagenet-1k)->transfer(SDog120,0.5)",1.1088543370133266,"pretrain(resnet18,imagenet-1k)->transfer(SDog120,1.0)->quantize(qint8)"
SDog120,NegativeSubsample10,SAC,test,200,"pretrain(resnet18,imagenet-1k)->transfer(SDog120,0.5)",0.12592182401567698,"pretrain(resnet18,imagenet-1k)->transfer(SDog120,1.0)->steal(mbnetv2)"
SDog120,NegativeSubsample10,SAC,test,200,"pretrain(resnet18,imagenet-1k)->transfer(SDog120,0.5)",0.11800006299745291,"pretrain(resnet18,imagenet-1k)->transfer(SDog120,1.0)->steal(resnet18)"
SDog120,NegativeSubsample10,SAC,test,200,"pretrain(resnet18,imagenet-1k)->transfer(SDog120,0.5)",0.11808400799054652,"pretrain(resnet18,imagenet-1k)->transfer(SDog120,1.0)->distill()"
SDog120,NegativeSubsample10,SAC,test,200,"pretrain(resnet18,imagenet-1k)->transfer(SDog120,0.5)",0.1257218150421977,"train(mbnetv2,SDog120)"
SDog120,NegativeSubsample10,SAC,test,200,"pretrain(resnet18,imagenet-1k)->transfer(SDog120,0.5)",0.12587986199650913,"train(mbnetv2,SDog120)->prune(0.2)"
SDog120,NegativeSubsample10,SAC,test,200,"pretrain(resnet18,imagenet-1k)->transfer(SDog120,0.5)",0.1259538730373606,"train(mbnetv2,SDog120)->prune(0.5)"
SDog120,NegativeSubsample10,SAC,test,200,"pretrain(resnet18,imagenet-1k)->transfer(SDog120,0.5)",0.12593947898130864,"train(mbnetv2,SDog120)->prune(0.8)"
SDog120,NegativeSubsample10,SAC,test,200,"pretrain(resnet18,imagenet-1k)->transfer(SDog120,0.5)",0.12635703501291573,"train(mbnetv2,SDog120)->steal(mbnetv2)"
SDog120,NegativeSubsample10,SAC,test,200,"pretrain(resnet18,imagenet-1k)->transfer(SDog120,0.5)",0.11816772411111742,"train(mbnetv2,SDog120)->steal(resnet18)"
SDog120,NegativeSubsample10,SAC,test,200,"pretrain(resnet18,imagenet-1k)->transfer(SDog120,0.5)",0.12576540396548808,"train(mbnetv2,SDog120)->distill()"
SDog120,NegativeSubsample10,SAC,test,200,"pretrain(resnet18,imagenet-1k)->transfer(SDog120,0.5)",0.11845328693743795,"train(resnet18,SDog120)"
SDog120,NegativeSubsample10,SAC,test,200,"pretrain(resnet18,imagenet-1k)->transfer(SDog120,0.5)",0.11807115096598864,"train(resnet18,SDog120)->prune(0.2)"
SDog120,NegativeSubsample10,SAC,test,200,"pretrain(resnet18,imagenet-1k)->transfer(SDog120,0.5)",0.11821247602347285,"train(resnet18,SDog120)->prune(0.5)"
SDog120,NegativeSubsample10,SAC,test,200,"pretrain(resnet18,imagenet-1k)->transfer(SDog120,0.5)",0.11860898695886135,"train(resnet18,SDog120)->prune(0.8)"
SDog120,NegativeSubsample10,SAC,test,200,"pretrain(resnet18,imagenet-1k)->transfer(SDog120,0.5)",0.12570073502138257,"train(resnet18,SDog120)->steal(mbnetv2)"
SDog120,NegativeSubsample10,SAC,test,200,"pretrain(resnet18,imagenet-1k)->transfer(SDog120,0.5)",0.1179551889654249,"train(resnet18,SDog120)->steal(resnet18)"
SDog120,NegativeSubsample10,SAC,test,200,"pretrain(resnet18,imagenet-1k)->transfer(SDog120,0.5)",0.11836522596422583,"train(resnet18,SDog120)->distill()"
SDog120,NegativeSubsample10,SAC,test,200,"pretrain(resnet18,imagenet-1k)->transfer(SDog120,1.0)",0.11846098792739213,
SDog120,NegativeSubsample10,SAC,test,200,"pretrain(resnet18,imagenet-1k)->transfer(SDog120,1.0)",0.1256301470566541,"pretrain(mbnetv2,imagenet-1k)->transfer(SDog120,0.1)"
SDog120,NegativeSubsample10,SAC,test,200,"pretrain(resnet18,imagenet-1k)->transfer(SDog120,1.0)",0.12556193303316832,"pretrain(mbnetv2,imagenet-1k)->transfer(SDog120,0.1)->prune(0.2)"
SDog120,NegativeSubsample10,SAC,test,200,"pretrain(resnet18,imagenet-1k)->transfer(SDog120,1.0)",0.12572076299693435,"pretrain(mbnetv2,imagenet-1k)->transfer(SDog120,0.1)->prune(0.5)"
SDog120,NegativeSubsample10,SAC,test,200,"pretrain(resnet18,imagenet-1k)->transfer(SDog120,1.0)",0.12594054895453155,"pretrain(mbnetv2,imagenet-1k)->transfer(SDog120,0.1)->prune(0.8)"
SDog120,NegativeSubsample10,SAC,test,200,"pretrain(resnet18,imagenet-1k)->transfer(SDog120,1.0)",1.168442324968055,"pretrain(mbnetv2,imagenet-1k)->transfer(SDog120,0.1)->quantize(float16)"
SDog120,NegativeSubsample10,SAC,test,200,"pretrain(resnet18,imagenet-1k)->transfer(SDog120,1.0)",1.117642823024653,"pretrain(mbnetv2,imagenet-1k)->transfer(SDog120,0.1)->quantize(qint8)"
SDog120,NegativeSubsample10,SAC,test,200,"pretrain(resnet18,imagenet-1k)->transfer(SDog120,1.0)",0.1283258639741689,"pretrain(mbnetv2,imagenet-1k)->transfer(SDog120,0.1)->steal(mbnetv2)"
SDog120,NegativeSubsample10,SAC,test,200,"pretrain(resnet18,imagenet-1k)->transfer(SDog120,1.0)",0.11830585903953761,"pretrain(mbnetv2,imagenet-1k)->transfer(SDog120,0.1)->steal(resnet18)"
SDog120,NegativeSubsample10,SAC,test,200,"pretrain(resnet18,imagenet-1k)->transfer(SDog120,1.0)",0.12604333902709186,"pretrain(mbnetv2,imagenet-1k)->transfer(SDog120,0.1)->distill()"
SDog120,NegativeSubsample10,SAC,test,200,"pretrain(resnet18,imagenet-1k)->transfer(SDog120,1.0)",0.12581928609870374,"pretrain(mbnetv2,imagenet-1k)->transfer(SDog120,0.5)"
SDog120,NegativeSubsample10,SAC,test,200,"pretrain(resnet18,imagenet-1k)->transfer(SDog120,1.0)",0.12597553594969213,"pretrain(mbnetv2,imagenet-1k)->transfer(SDog120,0.5)->prune(0.2)"
SDog120,NegativeSubsample10,SAC,test,200,"pretrain(resnet18,imagenet-1k)->transfer(SDog120,1.0)",0.12626261892728508,"pretrain(mbnetv2,imagenet-1k)->transfer(SDog120,0.5)->prune(0.5)"
SDog120,NegativeSubsample10,SAC,test,200,"pretrain(resnet18,imagenet-1k)->transfer(SDog120,1.0)",0.12581062701065093,"pretrain(mbnetv2,imagenet-1k)->transfer(SDog120,0.5)->prune(0.8)"
SDog120,NegativeSubsample10,SAC,test,200,"pretrain(resnet18,imagenet-1k)->transfer(SDog120,1.0)",1.166125284973532,"pretrain(mbnetv2,imagenet-1k)->transfer(SDog120,0.5)->quantize(float16)"
SDog120,NegativeSubsample10,SAC,test,200,"pretrain(resnet18,imagenet-1k)->transfer(SDog120,1.0)",1.1211692809592932,"pretrain(mbnetv2,imagenet-1k)->transfer(SDog120,0.5)->quantize(qint8)"
SDog120,NegativeSubsample10,SAC,test,200,"pretrain(resnet18,imagenet-1k)->transfer(SDog120,1.0)",0.125841218046844,"pretrain(mbnetv2,imagenet-1k)->transfer(SDog120,0.5)->steal(mbnetv2)"
SDog120,NegativeSubsample10,SAC,test,200,"pretrain(resnet18,imagenet-1k)->transfer(SDog120,1.0)",0.11827984103001654,"pretrain(mbnetv2,imagenet-1k)->transfer(SDog120,0.5)->steal(resnet18)"
SDog120,NegativeSubsample10,SAC,test,200,"pretrain(resnet18,imagenet-1k)->transfer(SDog120,1.0)",0.1258821589872241,"pretrain(mbnetv2,imagenet-1k)->transfer(SDog120,0.5)->distill()"
SDog120,NegativeSubsample10,SAC,test,200,"pretrain(resnet18,imagenet-1k)->transfer(SDog120,1.0)",0.12578550504986197,"pretrain(mbnetv2,imagenet-1k)->transfer(SDog120,1.0)"
SDog120,NegativeSubsample10,SAC,test,200,"pretrain(resnet18,imagenet-1k)->transfer(SDog120,1.0)",0.12574705702718347,"pretrain(mbnetv2,imagenet-1k)->transfer(SDog120,1.0)->prune(0.2)"
SDog120,NegativeSubsample10,SAC,test,200,"pretrain(resnet18,imagenet-1k)->transfer(SDog120,1.0)",0.12592125195078552,"pretrain(mbnetv2,imagenet-1k)->transfer(SDog120,1.0)->prune(0.5)"
SDog120,NegativeSubsample10,SAC,test,200,"pretrain(resnet18,imagenet-1k)->transfer(SDog120,1.0)",0.12580764607992023,"pretrain(mbnetv2,imagenet-1k)->transfer(SDog120,1.0)->prune(0.8)"
SDog120,NegativeSubsample10,SAC,test,200,"pretrain(resnet18,imagenet-1k)->transfer(SDog120,1.0)",1.1653282599290833,"pretrain(mbnetv2,imagenet-1k)->transfer(SDog120,1.0)->quantize(float16)"
SDog120,NegativeSubsample10,SAC,test,200,"pretrain(resnet18,imagenet-1k)->transfer(SDog120,1.0)",1.1182588830124587,"pretrain(mbnetv2,imagenet-1k)->transfer(SDog120,1.0)->quantize(qint8)"
SDog120,NegativeSubsample10,SAC,test,200,"pretrain(resnet18,imagenet-1k)->transfer(SDog120,1.0)",0.12812409200705588,"pretrain(mbnetv2,imagenet-1k)->transfer(SDog120,1.0)->steal(mbnetv2)"
SDog120,NegativeSubsample10,SAC,test,200,"pretrain(resnet18,imagenet-1k)->transfer(SDog120,1.0)",0.11779269203543663,"pretrain(mbnetv2,imagenet-1k)->transfer(SDog120,1.0)->steal(resnet18)"
SDog120,NegativeSubsample10,SAC,test,200,"pretrain(resnet18,imagenet-1k)->transfer(SDog120,1.0)",0.12578790297266096,"pretrain(mbnetv2,imagenet-1k)->transfer(SDog120,1.0)->distill()"
SDog120,NegativeSubsample10,SAC,test,200,"pretrain(resnet18,imagenet-1k)->transfer(SDog120,1.0)",0.11800541100092232,"pretrain(resnet18,imagenet-1k)->transfer(SDog120,0.1)"
SDog120,NegativeSubsample10,SAC,test,200,"pretrain(resnet18,imagenet-1k)->transfer(SDog120,1.0)",0.11813853494822979,"pretrain(resnet18,imagenet-1k)->transfer(SDog120,0.1)->prune(0.2)"
SDog120,NegativeSubsample10,SAC,test,200,"pretrain(resnet18,imagenet-1k)->transfer(SDog120,1.0)",0.11806663894094527,"pretrain(resnet18,imagenet-1k)->transfer(SDog120,0.1)->prune(0.5)"
SDog120,NegativeSubsample10,SAC,test,200,"pretrain(resnet18,imagenet-1k)->transfer(SDog120,1.0)",0.1183769250055775,"pretrain(resnet18,imagenet-1k)->transfer(SDog120,0.1)->prune(0.8)"
SDog120,NegativeSubsample10,SAC,test,200,"pretrain(resnet18,imagenet-1k)->transfer(SDog120,1.0)",1.1121965679340065,"pretrain(resnet18,imagenet-1k)->transfer(SDog120,0.1)->quantize(float16)"
SDog120,NegativeSubsample10,SAC,test,200,"pretrain(resnet18,imagenet-1k)->transfer(SDog120,1.0)",1.1123518969397992,"pretrain(resnet18,imagenet-1k)->transfer(SDog120,0.1)->quantize(qint8)"
SDog120,NegativeSubsample10,SAC,test,200,"pretrain(resnet18,imagenet-1k)->transfer(SDog120,1.0)",0.12561579304747283,"pretrain(resnet18,imagenet-1k)->transfer(SDog120,0.1)->steal(mbnetv2)"
SDog120,NegativeSubsample10,SAC,test,200,"pretrain(resnet18,imagenet-1k)->transfer(SDog120,1.0)",0.11780471494421363,"pretrain(resnet18,imagenet-1k)->transfer(SDog120,0.1)->steal(resnet18)"
SDog120,NegativeSubsample10,SAC,test,200,"pretrain(resnet18,imagenet-1k)->transfer(SDog120,1.0)",0.11823187908157706,"pretrain(resnet18,imagenet-1k)->transfer(SDog120,0.1)->distill()"
SDog120,NegativeSubsample10,SAC,test,200,"pretrain(resnet18,imagenet-1k)->transfer(SDog120,1.0)",0.13989880995359272,"pretrain(resnet18,imagenet-1k)->transfer(SDog120,0.5)"
SDog120,NegativeSubsample10,SAC,test,200,"pretrain(resnet18,imagenet-1k)->transfer(SDog120,1.0)",0.11748868296854198,"pretrain(resnet18,imagenet-1k)->transfer(SDog120,0.5)->prune(0.2)"
SDog120,NegativeSubsample10,SAC,test,200,"pretrain(resnet18,imagenet-1k)->transfer(SDog120,1.0)",0.1174315040698275,"pretrain(resnet18,imagenet-1k)->transfer(SDog120,0.5)->prune(0.5)"
SDog120,NegativeSubsample10,SAC,test,200,"pretrain(resnet18,imagenet-1k)->transfer(SDog120,1.0)",0.11726264096796513,"pretrain(resnet18,imagenet-1k)->transfer(SDog120,0.5)->prune(0.8)"
SDog120,NegativeSubsample10,SAC,test,200,"pretrain(resnet18,imagenet-1k)->transfer(SDog120,1.0)",1.108745792065747,"pretrain(resnet18,imagenet-1k)->transfer(SDog120,0.5)->quantize(float16)"
SDog120,NegativeSubsample10,SAC,test,200,"pretrain(resnet18,imagenet-1k)->transfer(SDog120,1.0)",1.1042475460562855,"pretrain(resnet18,imagenet-1k)->transfer(SDog120,0.5)->quantize(qint8)"
SDog120,NegativeSubsample10,SAC,test,200,"pretrain(resnet18,imagenet-1k)->transfer(SDog120,1.0)",0.12806799705140293,"pretrain(resnet18,imagenet-1k)->transfer(SDog120,0.5)->steal(mbnetv2)"
SDog120,NegativeSubsample10,SAC,test,200,"pretrain(resnet18,imagenet-1k)->transfer(SDog120,1.0)",0.1220207359874621,"pretrain(resnet18,imagenet-1k)->transfer(SDog120,0.5)->steal(resnet18)"
SDog120,NegativeSubsample10,SAC,test,200,"pretrain(resnet18,imagenet-1k)->transfer(SDog120,1.0)",0.12184092600364238,"pretrain(resnet18,imagenet-1k)->transfer(SDog120,0.5)->distill()"
SDog120,NegativeSubsample10,SAC,test,200,"pretrain(resnet18,imagenet-1k)->transfer(SDog120,1.0)",0.12196066998876631,"pretrain(resnet18,imagenet-1k)->transfer(SDog120,1.0)"
SDog120,NegativeSubsample10,SAC,test,200,"pretrain(resnet18,imagenet-1k)->transfer(SDog120,1.0)",0.1175380350323394,"pretrain(resnet18,imagenet-1k)->transfer(SDog120,1.0)->prune(0.2)"
SDog120,NegativeSubsample10,SAC,test,200,"pretrain(resnet18,imagenet-1k)->transfer(SDog120,1.0)",0.11713720695115626,"pretrain(resnet18,imagenet-1k)->transfer(SDog120,1.0)->prune(0.5)"
SDog120,NegativeSubsample10,SAC,test,200,"pretrain(resnet18,imagenet-1k)->transfer(SDog120,1.0)",0.11727334000170231,"pretrain(resnet18,imagenet-1k)->transfer(SDog120,1.0)->prune(0.8)"
SDog120,NegativeSubsample10,SAC,test,200,"pretrain(resnet18,imagenet-1k)->transfer(SDog120,1.0)",1.1111894749337807,"pretrain(resnet18,imagenet-1k)->transfer(SDog120,1.0)->quantize(float16)"
SDog120,NegativeSubsample10,SAC,test,200,"pretrain(resnet18,imagenet-1k)->transfer(SDog120,1.0)",1.1133188469102606,"pretrain(resnet18,imagenet-1k)->transfer(SDog120,1.0)->quantize(qint8)"
SDog120,NegativeSubsample10,SAC,test,200,"pretrain(resnet18,imagenet-1k)->transfer(SDog120,1.0)",0.12485983001533896,"pretrain(resnet18,imagenet-1k)->transfer(SDog120,1.0)->steal(mbnetv2)"
SDog120,NegativeSubsample10,SAC,test,200,"pretrain(resnet18,imagenet-1k)->transfer(SDog120,1.0)",0.11715296108741313,"pretrain(resnet18,imagenet-1k)->transfer(SDog120,1.0)->steal(resnet18)"
SDog120,NegativeSubsample10,SAC,test,200,"pretrain(resnet18,imagenet-1k)->transfer(SDog120,1.0)",0.11753248702734709,"pretrain(resnet18,imagenet-1k)->transfer(SDog120,1.0)->distill()"
SDog120,NegativeSubsample10,SAC,test,200,"pretrain(resnet18,imagenet-1k)->transfer(SDog120,1.0)",0.12508824397809803,"train(mbnetv2,SDog120)"
SDog120,NegativeSubsample10,SAC,test,200,"pretrain(resnet18,imagenet-1k)->transfer(SDog120,1.0)",0.12497698701918125,"train(mbnetv2,SDog120)->prune(0.2)"
SDog120,NegativeSubsample10,SAC,test,200,"pretrain(resnet18,imagenet-1k)->transfer(SDog120,1.0)",0.12492021697107702,"train(mbnetv2,SDog120)->prune(0.5)"
SDog120,NegativeSubsample10,SAC,test,200,"pretrain(resnet18,imagenet-1k)->transfer(SDog120,1.0)",0.12474855792243034,"train(mbnetv2,SDog120)->prune(0.8)"
SDog120,NegativeSubsample10,SAC,test,200,"pretrain(resnet18,imagenet-1k)->transfer(SDog120,1.0)",0.1250214820029214,"train(mbnetv2,SDog120)->steal(mbnetv2)"
SDog120,NegativeSubsample10,SAC,test,200,"pretrain(resnet18,imagenet-1k)->transfer(SDog120,1.0)",0.11747487890534103,"train(mbnetv2,SDog120)->steal(resnet18)"
SDog120,NegativeSubsample10,SAC,test,200,"pretrain(resnet18,imagenet-1k)->transfer(SDog120,1.0)",0.12499409599695355,"train(mbnetv2,SDog120)->distill()"
SDog120,NegativeSubsample10,SAC,test,200,"pretrain(resnet18,imagenet-1k)->transfer(SDog120,1.0)",0.11747213709168136,"train(resnet18,SDog120)"
SDog120,NegativeSubsample10,SAC,test,200,"pretrain(resnet18,imagenet-1k)->transfer(SDog120,1.0)",0.11730835598427802,"train(resnet18,SDog120)->prune(0.2)"
SDog120,NegativeSubsample10,SAC,test,200,"pretrain(resnet18,imagenet-1k)->transfer(SDog120,1.0)",0.11723824602086097,"train(resnet18,SDog120)->prune(0.5)"
SDog120,NegativeSubsample10,SAC,test,200,"pretrain(resnet18,imagenet-1k)->transfer(SDog120,1.0)",0.11754364799708128,"train(resnet18,SDog120)->prune(0.8)"
SDog120,NegativeSubsample10,SAC,test,200,"pretrain(resnet18,imagenet-1k)->transfer(SDog120,1.0)",0.12495502608362585,"train(resnet18,SDog120)->steal(mbnetv2)"
SDog120,NegativeSubsample10,SAC,test,200,"pretrain(resnet18,imagenet-1k)->transfer(SDog120,1.0)",0.11745973699726164,"train(resnet18,SDog120)->steal(resnet18)"
SDog120,NegativeSubsample10,SAC,test,200,"pretrain(resnet18,imagenet-1k)->transfer(SDog120,1.0)",0.11749276891350746,"train(resnet18,SDog120)->distill()"
SDog120,NegativeSubsample10,SAC,test,200,"train(mbnetv2,SDog120)",0.12530760001391172,
SDog120,NegativeSubsample10,SAC,test,200,"train(mbnetv2,SDog120)",0.12496372195892036,"pretrain(mbnetv2,imagenet-1k)->transfer(SDog120,0.1)"
SDog120,NegativeSubsample10,SAC,test,200,"train(mbnetv2,SDog120)",0.1252436439972371,"pretrain(mbnetv2,imagenet-1k)->transfer(SDog120,0.1)->prune(0.2)"
SDog120,NegativeSubsample10,SAC,test,200,"train(mbnetv2,SDog120)",0.12475849909242243,"pretrain(mbnetv2,imagenet-1k)->transfer(SDog120,0.1)->prune(0.5)"
SDog120,NegativeSubsample10,SAC,test,200,"train(mbnetv2,SDog120)",0.1248712579254061,"pretrain(mbnetv2,imagenet-1k)->transfer(SDog120,0.1)->prune(0.8)"
SDog120,NegativeSubsample10,SAC,test,200,"train(mbnetv2,SDog120)",1.1815503460820764,"pretrain(mbnetv2,imagenet-1k)->transfer(SDog120,0.1)->quantize(float16)"
SDog120,NegativeSubsample10,SAC,test,200,"train(mbnetv2,SDog120)",1.1405081050470471,"pretrain(mbnetv2,imagenet-1k)->transfer(SDog120,0.1)->quantize(qint8)"
SDog120,NegativeSubsample10,SAC,test,200,"train(mbnetv2,SDog120)",0.12712078401818871,"pretrain(mbnetv2,imagenet-1k)->transfer(SDog120,0.1)->steal(mbnetv2)"
SDog120,NegativeSubsample10,SAC,test,200,"train(mbnetv2,SDog120)",0.11759819195140153,"pretrain(mbnetv2,imagenet-1k)->transfer(SDog120,0.1)->steal(resnet18)"
SDog120,NegativeSubsample10,SAC,test,200,"train(mbnetv2,SDog120)",0.12524307798594236,"pretrain(mbnetv2,imagenet-1k)->transfer(SDog120,0.1)->distill()"
SDog120,NegativeSubsample10,SAC,test,200,"train(mbnetv2,SDog120)",0.1254759900039062,"pretrain(mbnetv2,imagenet-1k)->transfer(SDog120,0.5)"
SDog120,NegativeSubsample10,SAC,test,200,"train(mbnetv2,SDog120)",0.12528266897425056,"pretrain(mbnetv2,imagenet-1k)->transfer(SDog120,0.5)->prune(0.2)"
SDog120,NegativeSubsample10,SAC,test,200,"train(mbnetv2,SDog120)",0.12503965909127146,"pretrain(mbnetv2,imagenet-1k)->transfer(SDog120,0.5)->prune(0.5)"
SDog120,NegativeSubsample10,SAC,test,200,"train(mbnetv2,SDog120)",0.12486249196808785,"pretrain(mbnetv2,imagenet-1k)->transfer(SDog120,0.5)->prune(0.8)"
SDog120,NegativeSubsample10,SAC,test,200,"train(mbnetv2,SDog120)",1.1832598838955164,"pretrain(mbnetv2,imagenet-1k)->transfer(SDog120,0.5)->quantize(float16)"
SDog120,NegativeSubsample10,SAC,test,200,"train(mbnetv2,SDog120)",1.13838979403954,"pretrain(mbnetv2,imagenet-1k)->transfer(SDog120,0.5)->quantize(qint8)"
SDog120,NegativeSubsample10,SAC,test,200,"train(mbnetv2,SDog120)",0.12746598303783685,"pretrain(mbnetv2,imagenet-1k)->transfer(SDog120,0.5)->steal(mbnetv2)"
SDog120,NegativeSubsample10,SAC,test,200,"train(mbnetv2,SDog120)",0.11727420100942254,"pretrain(mbnetv2,imagenet-1k)->transfer(SDog120,0.5)->steal(resnet18)"
SDog120,NegativeSubsample10,SAC,test,200,"train(mbnetv2,SDog120)",0.12522045092191547,"pretrain(mbnetv2,imagenet-1k)->transfer(SDog120,0.5)->distill()"
SDog120,NegativeSubsample10,SAC,test,200,"train(mbnetv2,SDog120)",0.12505624094046652,"pretrain(mbnetv2,imagenet-1k)->transfer(SDog120,1.0)"
SDog120,NegativeSubsample10,SAC,test,200,"train(mbnetv2,SDog120)",0.12529322400223464,"pretrain(mbnetv2,imagenet-1k)->transfer(SDog120,1.0)->prune(0.2)"
SDog120,NegativeSubsample10,SAC,test,200,"train(mbnetv2,SDog120)",0.12479089701082557,"pretrain(mbnetv2,imagenet-1k)->transfer(SDog120,1.0)->prune(0.5)"
SDog120,NegativeSubsample10,SAC,test,200,"train(mbnetv2,SDog120)",0.12485531705897301,"pretrain(mbnetv2,imagenet-1k)->transfer(SDog120,1.0)->prune(0.8)"
SDog120,NegativeSubsample10,SAC,test,200,"train(mbnetv2,SDog120)",1.1847184910438955,"pretrain(mbnetv2,imagenet-1k)->transfer(SDog120,1.0)->quantize(float16)"
SDog120,NegativeSubsample10,SAC,test,200,"train(mbnetv2,SDog120)",1.1368628110503778,"pretrain(mbnetv2,imagenet-1k)->transfer(SDog120,1.0)->quantize(qint8)"
SDog120,NegativeSubsample10,SAC,test,200,"train(mbnetv2,SDog120)",0.1271190830739215,"pretrain(mbnetv2,imagenet-1k)->transfer(SDog120,1.0)->steal(mbnetv2)"
SDog120,NegativeSubsample10,SAC,test,200,"train(mbnetv2,SDog120)",0.1184294749982655,"pretrain(mbnetv2,imagenet-1k)->transfer(SDog120,1.0)->steal(resnet18)"
SDog120,NegativeSubsample10,SAC,test,200,"train(mbnetv2,SDog120)",0.12582183408085257,"pretrain(mbnetv2,imagenet-1k)->transfer(SDog120,1.0)->distill()"
SDog120,NegativeSubsample10,SAC,test,200,"train(mbnetv2,SDog120)",0.11868654598947614,"pretrain(resnet18,imagenet-1k)->transfer(SDog120,0.1)"
SDog120,NegativeSubsample10,SAC,test,200,"train(mbnetv2,SDog120)",0.11847919796127826,"pretrain(resnet18,imagenet-1k)->transfer(SDog120,0.1)->prune(0.2)"
SDog120,NegativeSubsample10,SAC,test,200,"train(mbnetv2,SDog120)",0.11988964804913849,"pretrain(resnet18,imagenet-1k)->transfer(SDog120,0.1)->prune(0.5)"
SDog120,NegativeSubsample10,SAC,test,200,"train(mbnetv2,SDog120)",0.11814060993492603,"pretrain(resnet18,imagenet-1k)->transfer(SDog120,0.1)->prune(0.8)"
SDog120,NegativeSubsample10,SAC,test,200,"train(mbnetv2,SDog120)",1.2138173889834434,"pretrain(resnet18,imagenet-1k)->transfer(SDog120,0.1)->quantize(float16)"
SDog120,NegativeSubsample10,SAC,test,200,"train(mbnetv2,SDog120)",1.1215905949939042,"pretrain(resnet18,imagenet-1k)->transfer(SDog120,0.1)->quantize(qint8)"
SDog120,NegativeSubsample10,SAC,test,200,"train(mbnetv2,SDog120)",0.12494117801543325,"pretrain(resnet18,imagenet-1k)->transfer(SDog120,0.1)->steal(mbnetv2)"
SDog120,NegativeSubsample10,SAC,test,200,"train(mbnetv2,SDog120)",0.11723268905188888,"pretrain(resnet18,imagenet-1k)->transfer(SDog120,0.1)->steal(resnet18)"
SDog120,NegativeSubsample10,SAC,test,200,"train(mbnetv2,SDog120)",0.11741445504594594,"pretrain(resnet18,imagenet-1k)->transfer(SDog120,0.1)->distill()"
SDog120,NegativeSubsample10,SAC,test,200,"train(mbnetv2,SDog120)",0.1178416529437527,"pretrain(resnet18,imagenet-1k)->transfer(SDog120,0.5)"
SDog120,NegativeSubsample10,SAC,test,200,"train(mbnetv2,SDog120)",0.11754954804200679,"pretrain(resnet18,imagenet-1k)->transfer(SDog120,0.5)->prune(0.2)"
SDog120,NegativeSubsample10,SAC,test,200,"train(mbnetv2,SDog120)",0.11811631498858333,"pretrain(resnet18,imagenet-1k)->transfer(SDog120,0.5)->prune(0.5)"
SDog120,NegativeSubsample10,SAC,test,200,"train(mbnetv2,SDog120)",0.11735286808107048,"pretrain(resnet18,imagenet-1k)->transfer(SDog120,0.5)->prune(0.8)"
SDog120,NegativeSubsample10,SAC,test,200,"train(mbnetv2,SDog120)",1.1237421149853617,"pretrain(resnet18,imagenet-1k)->transfer(SDog120,0.5)->quantize(float16)"
SDog120,NegativeSubsample10,SAC,test,200,"train(mbnetv2,SDog120)",1.1215005300473422,"pretrain(resnet18,imagenet-1k)->transfer(SDog120,0.5)->quantize(qint8)"
SDog120,NegativeSubsample10,SAC,test,200,"train(mbnetv2,SDog120)",0.12475250603165478,"pretrain(resnet18,imagenet-1k)->transfer(SDog120,0.5)->steal(mbnetv2)"
SDog120,NegativeSubsample10,SAC,test,200,"train(mbnetv2,SDog120)",0.11770431301556528,"pretrain(resnet18,imagenet-1k)->transfer(SDog120,0.5)->steal(resnet18)"
SDog120,NegativeSubsample10,SAC,test,200,"train(mbnetv2,SDog120)",0.11746310000307858,"pretrain(resnet18,imagenet-1k)->transfer(SDog120,0.5)->distill()"
SDog120,NegativeSubsample10,SAC,test,200,"train(mbnetv2,SDog120)",0.11751321400515735,"pretrain(resnet18,imagenet-1k)->transfer(SDog120,1.0)"
SDog120,NegativeSubsample10,SAC,test,200,"train(mbnetv2,SDog120)",0.11730195698328316,"pretrain(resnet18,imagenet-1k)->transfer(SDog120,1.0)->prune(0.2)"
SDog120,NegativeSubsample10,SAC,test,200,"train(mbnetv2,SDog120)",0.11750583606772125,"pretrain(resnet18,imagenet-1k)->transfer(SDog120,1.0)->prune(0.5)"
SDog120,NegativeSubsample10,SAC,test,200,"train(mbnetv2,SDog120)",0.11750626401044428,"pretrain(resnet18,imagenet-1k)->transfer(SDog120,1.0)->prune(0.8)"
SDog120,NegativeSubsample10,SAC,test,200,"train(mbnetv2,SDog120)",1.123929722001776,"pretrain(resnet18,imagenet-1k)->transfer(SDog120,1.0)->quantize(float16)"
SDog120,NegativeSubsample10,SAC,test,200,"train(mbnetv2,SDog120)",1.120707524009049,"pretrain(resnet18,imagenet-1k)->transfer(SDog120,1.0)->quantize(qint8)"
SDog120,NegativeSubsample10,SAC,test,200,"train(mbnetv2,SDog120)",0.1250545479124412,"pretrain(resnet18,imagenet-1k)->transfer(SDog120,1.0)->steal(mbnetv2)"
SDog120,NegativeSubsample10,SAC,test,200,"train(mbnetv2,SDog120)",0.117606324958615,"pretrain(resnet18,imagenet-1k)->transfer(SDog120,1.0)->steal(resnet18)"
SDog120,NegativeSubsample10,SAC,test,200,"train(mbnetv2,SDog120)",0.11728895094711334,"pretrain(resnet18,imagenet-1k)->transfer(SDog120,1.0)->distill()"
SDog120,NegativeSubsample10,SAC,test,200,"train(mbnetv2,SDog120)",0.12492095504421741,"train(mbnetv2,SDog120)"
SDog120,NegativeSubsample10,SAC,test,200,"train(mbnetv2,SDog120)",0.12499928893521428,"train(mbnetv2,SDog120)->prune(0.2)"
SDog120,NegativeSubsample10,SAC,test,200,"train(mbnetv2,SDog120)",0.12575955200009048,"train(mbnetv2,SDog120)->prune(0.5)"
SDog120,NegativeSubsample10,SAC,test,200,"train(mbnetv2,SDog120)",0.12506344506982714,"train(mbnetv2,SDog120)->prune(0.8)"
SDog120,NegativeSubsample10,SAC,test,200,"train(mbnetv2,SDog120)",0.12491668795701116,"train(mbnetv2,SDog120)->steal(mbnetv2)"
SDog120,NegativeSubsample10,SAC,test,200,"train(mbnetv2,SDog120)",0.1186893789563328,"train(mbnetv2,SDog120)->steal(resnet18)"
SDog120,NegativeSubsample10,SAC,test,200,"train(mbnetv2,SDog120)",0.12596204900182784,"train(mbnetv2,SDog120)->distill()"
SDog120,NegativeSubsample10,SAC,test,200,"train(mbnetv2,SDog120)",0.1185013250214979,"train(resnet18,SDog120)"
SDog120,NegativeSubsample10,SAC,test,200,"train(mbnetv2,SDog120)",0.1182333140168339,"train(resnet18,SDog120)->prune(0.2)"
SDog120,NegativeSubsample10,SAC,test,200,"train(mbnetv2,SDog120)",0.11905246507376432,"train(resnet18,SDog120)->prune(0.5)"
SDog120,NegativeSubsample10,SAC,test,200,"train(mbnetv2,SDog120)",0.11740199802443385,"train(resnet18,SDog120)->prune(0.8)"
SDog120,NegativeSubsample10,SAC,test,200,"train(mbnetv2,SDog120)",0.12484771898016334,"train(resnet18,SDog120)->steal(mbnetv2)"
SDog120,NegativeSubsample10,SAC,test,200,"train(mbnetv2,SDog120)",0.11772107391152531,"train(resnet18,SDog120)->steal(resnet18)"
SDog120,NegativeSubsample10,SAC,test,200,"train(mbnetv2,SDog120)",0.11756658100057393,"train(resnet18,SDog120)->distill()"
SDog120,NegativeSubsample10,SAC,test,200,"train(resnet18,SDog120)",0.11761596694123,
SDog120,NegativeSubsample10,SAC,test,200,"train(resnet18,SDog120)",0.12510321999434382,"pretrain(mbnetv2,imagenet-1k)->transfer(SDog120,0.1)"
SDog120,NegativeSubsample10,SAC,test,200,"train(resnet18,SDog120)",0.12506988702807575,"pretrain(mbnetv2,imagenet-1k)->transfer(SDog120,0.1)->prune(0.2)"
SDog120,NegativeSubsample10,SAC,test,200,"train(resnet18,SDog120)",0.12519689102191478,"pretrain(mbnetv2,imagenet-1k)->transfer(SDog120,0.1)->prune(0.5)"
SDog120,NegativeSubsample10,SAC,test,200,"train(resnet18,SDog120)",0.1250375839881599,"pretrain(mbnetv2,imagenet-1k)->transfer(SDog120,0.1)->prune(0.8)"
SDog120,NegativeSubsample10,SAC,test,200,"train(resnet18,SDog120)",1.1686556210042909,"pretrain(mbnetv2,imagenet-1k)->transfer(SDog120,0.1)->quantize(float16)"
SDog120,NegativeSubsample10,SAC,test,200,"train(resnet18,SDog120)",1.1176912169903517,"pretrain(mbnetv2,imagenet-1k)->transfer(SDog120,0.1)->quantize(qint8)"
SDog120,NegativeSubsample10,SAC,test,200,"train(resnet18,SDog120)",0.12069541995879263,"pretrain(mbnetv2,imagenet-1k)->transfer(SDog120,0.1)->steal(mbnetv2)"
SDog120,NegativeSubsample10,SAC,test,200,"train(resnet18,SDog120)",0.12241552607156336,"pretrain(mbnetv2,imagenet-1k)->transfer(SDog120,0.1)->steal(resnet18)"
SDog120,NegativeSubsample10,SAC,test,200,"train(resnet18,SDog120)",0.12835969193838537,"pretrain(mbnetv2,imagenet-1k)->transfer(SDog120,0.1)->distill()"
SDog120,NegativeSubsample10,SAC,test,200,"train(resnet18,SDog120)",0.125441305921413,"pretrain(mbnetv2,imagenet-1k)->transfer(SDog120,0.5)"
SDog120,NegativeSubsample10,SAC,test,200,"train(resnet18,SDog120)",0.12515322701074183,"pretrain(mbnetv2,imagenet-1k)->transfer(SDog120,0.5)->prune(0.2)"
SDog120,NegativeSubsample10,SAC,test,200,"train(resnet18,SDog120)",0.12515876104589552,"pretrain(mbnetv2,imagenet-1k)->transfer(SDog120,0.5)->prune(0.5)"
SDog120,NegativeSubsample10,SAC,test,200,"train(resnet18,SDog120)",0.1253010289510712,"pretrain(mbnetv2,imagenet-1k)->transfer(SDog120,0.5)->prune(0.8)"
SDog120,NegativeSubsample10,SAC,test,200,"train(resnet18,SDog120)",1.1686267129844055,"pretrain(mbnetv2,imagenet-1k)->transfer(SDog120,0.5)->quantize(float16)"
SDog120,NegativeSubsample10,SAC,test,200,"train(resnet18,SDog120)",1.1186549139674753,"pretrain(mbnetv2,imagenet-1k)->transfer(SDog120,0.5)->quantize(qint8)"
SDog120,NegativeSubsample10,SAC,test,200,"train(resnet18,SDog120)",0.12716983899008483,"pretrain(mbnetv2,imagenet-1k)->transfer(SDog120,0.5)->steal(mbnetv2)"
SDog120,NegativeSubsample10,SAC,test,200,"train(resnet18,SDog120)",0.11735581094399095,"pretrain(mbnetv2,imagenet-1k)->transfer(SDog120,0.5)->steal(resnet18)"
SDog120,NegativeSubsample10,SAC,test,200,"train(resnet18,SDog120)",0.12492932402528822,"pretrain(mbnetv2,imagenet-1k)->transfer(SDog120,0.5)->distill()"
SDog120,NegativeSubsample10,SAC,test,200,"train(resnet18,SDog120)",0.12515830399934202,"pretrain(mbnetv2,imagenet-1k)->transfer(SDog120,1.0)"
SDog120,NegativeSubsample10,SAC,test,200,"train(resnet18,SDog120)",0.1250356730306521,"pretrain(mbnetv2,imagenet-1k)->transfer(SDog120,1.0)->prune(0.2)"
SDog120,NegativeSubsample10,SAC,test,200,"train(resnet18,SDog120)",0.1250508149387315,"pretrain(mbnetv2,imagenet-1k)->transfer(SDog120,1.0)->prune(0.5)"
SDog120,NegativeSubsample10,SAC,test,200,"train(resnet18,SDog120)",0.12495100405067205,"pretrain(mbnetv2,imagenet-1k)->transfer(SDog120,1.0)->prune(0.8)"
SDog120,NegativeSubsample10,SAC,test,200,"train(resnet18,SDog120)",1.1638266961090267,"pretrain(mbnetv2,imagenet-1k)->transfer(SDog120,1.0)->quantize(float16)"
SDog120,NegativeSubsample10,SAC,test,200,"train(resnet18,SDog120)",1.2485961869824678,"pretrain(mbnetv2,imagenet-1k)->transfer(SDog120,1.0)->quantize(qint8)"
SDog120,NegativeSubsample10,SAC,test,200,"train(resnet18,SDog120)",0.11877958197146654,"pretrain(mbnetv2,imagenet-1k)->transfer(SDog120,1.0)->steal(mbnetv2)"
SDog120,NegativeSubsample10,SAC,test,200,"train(resnet18,SDog120)",0.11728352191857994,"pretrain(mbnetv2,imagenet-1k)->transfer(SDog120,1.0)->steal(resnet18)"
SDog120,NegativeSubsample10,SAC,test,200,"train(resnet18,SDog120)",0.1251895580207929,"pretrain(mbnetv2,imagenet-1k)->transfer(SDog120,1.0)->distill()"
SDog120,NegativeSubsample10,SAC,test,200,"train(resnet18,SDog120)",0.11736553395166993,"pretrain(resnet18,imagenet-1k)->transfer(SDog120,0.1)"
SDog120,NegativeSubsample10,SAC,test,200,"train(resnet18,SDog120)",0.11759147699922323,"pretrain(resnet18,imagenet-1k)->transfer(SDog120,0.1)->prune(0.2)"
SDog120,NegativeSubsample10,SAC,test,200,"train(resnet18,SDog120)",0.11772723007015884,"pretrain(resnet18,imagenet-1k)->transfer(SDog120,0.1)->prune(0.5)"
SDog120,NegativeSubsample10,SAC,test,200,"train(resnet18,SDog120)",0.11738189798779786,"pretrain(resnet18,imagenet-1k)->transfer(SDog120,0.1)->prune(0.8)"
SDog120,NegativeSubsample10,SAC,test,200,"train(resnet18,SDog120)",1.1123285610228777,"pretrain(resnet18,imagenet-1k)->transfer(SDog120,0.1)->quantize(float16)"
SDog120,NegativeSubsample10,SAC,test,200,"train(resnet18,SDog120)",1.1131482350174338,"pretrain(resnet18,imagenet-1k)->transfer(SDog120,0.1)->quantize(qint8)"
SDog120,NegativeSubsample10,SAC,test,200,"train(resnet18,SDog120)",0.1251012859866023,"pretrain(resnet18,imagenet-1k)->transfer(SDog120,0.1)->steal(mbnetv2)"
SDog120,NegativeSubsample10,SAC,test,200,"train(resnet18,SDog120)",0.11750750802457333,"pretrain(resnet18,imagenet-1k)->transfer(SDog120,0.1)->steal(resnet18)"
SDog120,NegativeSubsample10,SAC,test,200,"train(resnet18,SDog120)",0.11761251895222813,"pretrain(resnet18,imagenet-1k)->transfer(SDog120,0.1)->distill()"
SDog120,NegativeSubsample10,SAC,test,200,"train(resnet18,SDog120)",0.11907833605073392,"pretrain(resnet18,imagenet-1k)->transfer(SDog120,0.5)"
SDog120,NegativeSubsample10,SAC,test,200,"train(resnet18,SDog120)",0.11877061298582703,"pretrain(resnet18,imagenet-1k)->transfer(SDog120,0.5)->prune(0.2)"
SDog120,NegativeSubsample10,SAC,test,200,"train(resnet18,SDog120)",0.11885991704184562,"pretrain(resnet18,imagenet-1k)->transfer(SDog120,0.5)->prune(0.5)"
SDog120,NegativeSubsample10,SAC,test,200,"train(resnet18,SDog120)",0.11863231391180307,"pretrain(resnet18,imagenet-1k)->transfer(SDog120,0.5)->prune(0.8)"
SDog120,NegativeSubsample10,SAC,test,200,"train(resnet18,SDog120)",1.1125093870796263,"pretrain(resnet18,imagenet-1k)->transfer(SDog120,0.5)->quantize(float16)"
SDog120,NegativeSubsample10,SAC,test,200,"train(resnet18,SDog120)",1.1138720250455663,"pretrain(resnet18,imagenet-1k)->transfer(SDog120,0.5)->quantize(qint8)"
SDog120,NegativeSubsample10,SAC,test,200,"train(resnet18,SDog120)",0.12636376300361007,"pretrain(resnet18,imagenet-1k)->transfer(SDog120,0.5)->steal(mbnetv2)"
SDog120,NegativeSubsample10,SAC,test,200,"train(resnet18,SDog120)",0.11895381391514093,"pretrain(resnet18,imagenet-1k)->transfer(SDog120,0.5)->steal(resnet18)"
SDog120,NegativeSubsample10,SAC,test,200,"train(resnet18,SDog120)",0.11898224602919072,"pretrain(resnet18,imagenet-1k)->transfer(SDog120,0.5)->distill()"
SDog120,NegativeSubsample10,SAC,test,200,"train(resnet18,SDog120)",0.11861420189961791,"pretrain(resnet18,imagenet-1k)->transfer(SDog120,1.0)"
SDog120,NegativeSubsample10,SAC,test,200,"train(resnet18,SDog120)",0.11854294093791395,"pretrain(resnet18,imagenet-1k)->transfer(SDog120,1.0)->prune(0.2)"
SDog120,NegativeSubsample10,SAC,test,200,"train(resnet18,SDog120)",0.11901817901525646,"pretrain(resnet18,imagenet-1k)->transfer(SDog120,1.0)->prune(0.5)"
SDog120,NegativeSubsample10,SAC,test,200,"train(resnet18,SDog120)",0.1186117819743231,"pretrain(resnet18,imagenet-1k)->transfer(SDog120,1.0)->prune(0.8)"
SDog120,NegativeSubsample10,SAC,test,200,"train(resnet18,SDog120)",1.1144552360055968,"pretrain(resnet18,imagenet-1k)->transfer(SDog120,1.0)->quantize(float16)"
SDog120,NegativeSubsample10,SAC,test,200,"train(resnet18,SDog120)",1.109521629055962,"pretrain(resnet18,imagenet-1k)->transfer(SDog120,1.0)->quantize(qint8)"
SDog120,NegativeSubsample10,SAC,test,200,"train(resnet18,SDog120)",0.12636352493427694,"pretrain(resnet18,imagenet-1k)->transfer(SDog120,1.0)->steal(mbnetv2)"
SDog120,NegativeSubsample10,SAC,test,200,"train(resnet18,SDog120)",0.1187137879896909,"pretrain(resnet18,imagenet-1k)->transfer(SDog120,1.0)->steal(resnet18)"
SDog120,NegativeSubsample10,SAC,test,200,"train(resnet18,SDog120)",0.11896851798519492,"pretrain(resnet18,imagenet-1k)->transfer(SDog120,1.0)->distill()"
SDog120,NegativeSubsample10,SAC,test,200,"train(resnet18,SDog120)",0.1266903020441532,"train(mbnetv2,SDog120)"
SDog120,NegativeSubsample10,SAC,test,200,"train(resnet18,SDog120)",0.12629281298723072,"train(mbnetv2,SDog120)->prune(0.2)"
SDog120,NegativeSubsample10,SAC,test,200,"train(resnet18,SDog120)",0.1266472819261253,"train(mbnetv2,SDog120)->prune(0.5)"
SDog120,NegativeSubsample10,SAC,test,200,"train(resnet18,SDog120)",0.1263051760615781,"train(mbnetv2,SDog120)->prune(0.8)"
SDog120,NegativeSubsample10,SAC,test,200,"train(resnet18,SDog120)",0.1266481620259583,"train(mbnetv2,SDog120)->steal(mbnetv2)"
SDog120,NegativeSubsample10,SAC,test,200,"train(resnet18,SDog120)",0.11878979799803346,"train(mbnetv2,SDog120)->steal(resnet18)"
SDog120,NegativeSubsample10,SAC,test,200,"train(resnet18,SDog120)",0.12641148001421243,"train(mbnetv2,SDog120)->distill()"
SDog120,NegativeSubsample10,SAC,test,200,"train(resnet18,SDog120)",0.1189622440142557,"train(resnet18,SDog120)"
SDog120,NegativeSubsample10,SAC,test,200,"train(resnet18,SDog120)",0.11878772592172027,"train(resnet18,SDog120)->prune(0.2)"
SDog120,NegativeSubsample10,SAC,test,200,"train(resnet18,SDog120)",0.11955902306362987,"train(resnet18,SDog120)->prune(0.5)"
SDog120,NegativeSubsample10,SAC,test,200,"train(resnet18,SDog120)",0.11875044298358262,"train(resnet18,SDog120)->prune(0.8)"
SDog120,NegativeSubsample10,SAC,test,200,"train(resnet18,SDog120)",0.12646596098784357,"train(resnet18,SDog120)->steal(mbnetv2)"
SDog120,NegativeSubsample10,SAC,test,200,"train(resnet18,SDog120)",0.11886708298698068,"train(resnet18,SDog120)->steal(resnet18)"
SDog120,NegativeSubsample10,SAC,test,200,"train(resnet18,SDog120)",0.1187928729923442,"train(resnet18,SDog120)->distill()"
