value,walltime,source_model,target_model,dataset,distance,representation,sampler,split,budget
0.0,0.0005381670780479908,"pretrain(mbnetv2,imagenet-1k)->transfer(Flower102,0.1)","pretrain(mbnetv2,imagenet-1k)->transfer(Flower102,0.1)",Flower102,l2,HardSAC,RandomSubsample10,train,50
0.37416574358940125,0.00010235910303890705,"pretrain(mbnetv2,imagenet-1k)->transfer(Flower102,0.1)","pretrain(mbnetv2,imagenet-1k)->transfer(Flower102,0.1)->prune(0.2)",Flower102,l2,HardSAC,RandomSubsample10,train,50
0.43817806243896484,0.00007809000089764595,"pretrain(mbnetv2,imagenet-1k)->transfer(Flower102,0.1)","pretrain(mbnetv2,imagenet-1k)->transfer(Flower102,0.1)->prune(0.5)",Flower102,l2,HardSAC,RandomSubsample10,train,50
0.4118252098560333,0.00007734401151537895,"pretrain(mbnetv2,imagenet-1k)->transfer(Flower102,0.1)","pretrain(mbnetv2,imagenet-1k)->transfer(Flower102,0.1)->prune(0.8)",Flower102,l2,HardSAC,RandomSubsample10,train,50
0.0,0.00007822993211448193,"pretrain(mbnetv2,imagenet-1k)->transfer(Flower102,0.1)","pretrain(mbnetv2,imagenet-1k)->transfer(Flower102,0.1)->quantize(float16)",Flower102,l2,HardSAC,RandomSubsample10,train,50
0.0,0.0000771509949117899,"pretrain(mbnetv2,imagenet-1k)->transfer(Flower102,0.1)","pretrain(mbnetv2,imagenet-1k)->transfer(Flower102,0.1)->quantize(qint8)",Flower102,l2,HardSAC,RandomSubsample10,train,50
0.4233202040195465,0.00007675285451114178,"pretrain(mbnetv2,imagenet-1k)->transfer(Flower102,0.1)","pretrain(mbnetv2,imagenet-1k)->transfer(Flower102,0.1)->steal(mbnetv2)",Flower102,l2,HardSAC,RandomSubsample10,train,50
0.41569221019744873,0.00007899990305304527,"pretrain(mbnetv2,imagenet-1k)->transfer(Flower102,0.1)","pretrain(mbnetv2,imagenet-1k)->transfer(Flower102,0.1)->steal(resnet18)",Flower102,l2,HardSAC,RandomSubsample10,train,50
0.42237424850463867,0.00007477495819330215,"pretrain(mbnetv2,imagenet-1k)->transfer(Flower102,0.1)","pretrain(mbnetv2,imagenet-1k)->transfer(Flower102,0.1)->distill()",Flower102,l2,HardSAC,RandomSubsample10,train,50
0.4089009761810303,0.00007470697164535522,"pretrain(mbnetv2,imagenet-1k)->transfer(Flower102,0.1)","pretrain(mbnetv2,imagenet-1k)->transfer(Flower102,0.5)",Flower102,l2,HardSAC,RandomSubsample10,train,50
0.4098780155181885,0.00007558893412351608,"pretrain(mbnetv2,imagenet-1k)->transfer(Flower102,0.1)","pretrain(mbnetv2,imagenet-1k)->transfer(Flower102,0.5)->prune(0.2)",Flower102,l2,HardSAC,RandomSubsample10,train,50
0.38884443044662476,0.00007543596439063549,"pretrain(mbnetv2,imagenet-1k)->transfer(Flower102,0.1)","pretrain(mbnetv2,imagenet-1k)->transfer(Flower102,0.5)->prune(0.5)",Flower102,l2,HardSAC,RandomSubsample10,train,50
0.4214261472225189,0.0000744618009775877,"pretrain(mbnetv2,imagenet-1k)->transfer(Flower102,0.1)","pretrain(mbnetv2,imagenet-1k)->transfer(Flower102,0.5)->prune(0.8)",Flower102,l2,HardSAC,RandomSubsample10,train,50
0.4089009761810303,0.00007494213059544563,"pretrain(mbnetv2,imagenet-1k)->transfer(Flower102,0.1)","pretrain(mbnetv2,imagenet-1k)->transfer(Flower102,0.5)->quantize(float16)",Flower102,l2,HardSAC,RandomSubsample10,train,50
0.4089009761810303,0.00007478496991097927,"pretrain(mbnetv2,imagenet-1k)->transfer(Flower102,0.1)","pretrain(mbnetv2,imagenet-1k)->transfer(Flower102,0.5)->quantize(qint8)",Flower102,l2,HardSAC,RandomSubsample10,train,50
0.4089009761810303,0.00007390114478766918,"pretrain(mbnetv2,imagenet-1k)->transfer(Flower102,0.1)","pretrain(mbnetv2,imagenet-1k)->transfer(Flower102,0.5)->steal(mbnetv2)",Flower102,l2,HardSAC,RandomSubsample10,train,50
0.4069398045539856,0.00007432792335748672,"pretrain(mbnetv2,imagenet-1k)->transfer(Flower102,0.1)","pretrain(mbnetv2,imagenet-1k)->transfer(Flower102,0.5)->steal(resnet18)",Flower102,l2,HardSAC,RandomSubsample10,train,50
0.41376322507858276,0.00007487577386200428,"pretrain(mbnetv2,imagenet-1k)->transfer(Flower102,0.1)","pretrain(mbnetv2,imagenet-1k)->transfer(Flower102,0.5)->distill()",Flower102,l2,HardSAC,RandomSubsample10,train,50
0.4335896670818329,0.0000759719405323267,"pretrain(mbnetv2,imagenet-1k)->transfer(Flower102,0.1)","pretrain(mbnetv2,imagenet-1k)->transfer(Flower102,1.0)",Flower102,l2,HardSAC,RandomSubsample10,train,50
0.40792155265808105,0.00007450603879988194,"pretrain(mbnetv2,imagenet-1k)->transfer(Flower102,0.1)","pretrain(mbnetv2,imagenet-1k)->transfer(Flower102,1.0)->prune(0.2)",Flower102,l2,HardSAC,RandomSubsample10,train,50
0.41952353715896606,0.00007549906149506569,"pretrain(mbnetv2,imagenet-1k)->transfer(Flower102,0.1)","pretrain(mbnetv2,imagenet-1k)->transfer(Flower102,1.0)->prune(0.5)",Flower102,l2,HardSAC,RandomSubsample10,train,50
0.3919183611869812,0.00007338309660553932,"pretrain(mbnetv2,imagenet-1k)->transfer(Flower102,0.1)","pretrain(mbnetv2,imagenet-1k)->transfer(Flower102,1.0)->prune(0.8)",Flower102,l2,HardSAC,RandomSubsample10,train,50
0.4335896670818329,0.00008246186189353466,"pretrain(mbnetv2,imagenet-1k)->transfer(Flower102,0.1)","pretrain(mbnetv2,imagenet-1k)->transfer(Flower102,1.0)->quantize(float16)",Flower102,l2,HardSAC,RandomSubsample10,train,50
0.4335896670818329,0.00007485621608793736,"pretrain(mbnetv2,imagenet-1k)->transfer(Flower102,0.1)","pretrain(mbnetv2,imagenet-1k)->transfer(Flower102,1.0)->quantize(qint8)",Flower102,l2,HardSAC,RandomSubsample10,train,50
0.4098780155181885,0.00007456401363015175,"pretrain(mbnetv2,imagenet-1k)->transfer(Flower102,0.1)","pretrain(mbnetv2,imagenet-1k)->transfer(Flower102,1.0)->steal(mbnetv2)",Flower102,l2,HardSAC,RandomSubsample10,train,50
0.4069398045539856,0.00007460894994437695,"pretrain(mbnetv2,imagenet-1k)->transfer(Flower102,0.1)","pretrain(mbnetv2,imagenet-1k)->transfer(Flower102,1.0)->steal(resnet18)",Flower102,l2,HardSAC,RandomSubsample10,train,50
0.41856899857521057,0.00007393513806164265,"pretrain(mbnetv2,imagenet-1k)->transfer(Flower102,0.1)","pretrain(mbnetv2,imagenet-1k)->transfer(Flower102,1.0)->distill()",Flower102,l2,HardSAC,RandomSubsample10,train,50
0.4009987413883209,0.00007488904520869255,"pretrain(mbnetv2,imagenet-1k)->transfer(Flower102,0.1)","pretrain(resnet18,imagenet-1k)->transfer(Flower102,0.1)",Flower102,l2,HardSAC,RandomSubsample10,train,50
0.4098780155181885,0.00007478892803192139,"pretrain(mbnetv2,imagenet-1k)->transfer(Flower102,0.1)","pretrain(resnet18,imagenet-1k)->transfer(Flower102,0.1)->prune(0.2)",Flower102,l2,HardSAC,RandomSubsample10,train,50
0.42237424850463867,0.00007456797175109386,"pretrain(mbnetv2,imagenet-1k)->transfer(Flower102,0.1)","pretrain(resnet18,imagenet-1k)->transfer(Flower102,0.1)->prune(0.5)",Flower102,l2,HardSAC,RandomSubsample10,train,50
0.4874423146247864,0.00007453514263033867,"pretrain(mbnetv2,imagenet-1k)->transfer(Flower102,0.1)","pretrain(resnet18,imagenet-1k)->transfer(Flower102,0.1)->prune(0.8)",Flower102,l2,HardSAC,RandomSubsample10,train,50
0.4009987413883209,0.00007970910519361496,"pretrain(mbnetv2,imagenet-1k)->transfer(Flower102,0.1)","pretrain(resnet18,imagenet-1k)->transfer(Flower102,0.1)->quantize(float16)",Flower102,l2,HardSAC,RandomSubsample10,train,50
0.4009987413883209,0.00007511209696531296,"pretrain(mbnetv2,imagenet-1k)->transfer(Flower102,0.1)","pretrain(resnet18,imagenet-1k)->transfer(Flower102,0.1)->quantize(qint8)",Flower102,l2,HardSAC,RandomSubsample10,train,50
0.4354308247566223,0.00007428205572068691,"pretrain(mbnetv2,imagenet-1k)->transfer(Flower102,0.1)","pretrain(resnet18,imagenet-1k)->transfer(Flower102,0.1)->steal(mbnetv2)",Flower102,l2,HardSAC,RandomSubsample10,train,50
0.4176122546195984,0.00007442012429237366,"pretrain(mbnetv2,imagenet-1k)->transfer(Flower102,0.1)","pretrain(resnet18,imagenet-1k)->transfer(Flower102,0.1)->steal(resnet18)",Flower102,l2,HardSAC,RandomSubsample10,train,50
0.44631826877593994,0.0000731591135263443,"pretrain(mbnetv2,imagenet-1k)->transfer(Flower102,0.1)","pretrain(resnet18,imagenet-1k)->transfer(Flower102,0.1)->distill()",Flower102,l2,HardSAC,RandomSubsample10,train,50
0.3989987373352051,0.00007545412518084049,"pretrain(mbnetv2,imagenet-1k)->transfer(Flower102,0.1)","pretrain(resnet18,imagenet-1k)->transfer(Flower102,0.5)",Flower102,l2,HardSAC,RandomSubsample10,train,50
0.4214261472225189,0.00007473793812096119,"pretrain(mbnetv2,imagenet-1k)->transfer(Flower102,0.1)","pretrain(resnet18,imagenet-1k)->transfer(Flower102,0.5)->prune(0.2)",Flower102,l2,HardSAC,RandomSubsample10,train,50
0.4252058267593384,0.00007551605813205242,"pretrain(mbnetv2,imagenet-1k)->transfer(Flower102,0.1)","pretrain(resnet18,imagenet-1k)->transfer(Flower102,0.5)->prune(0.5)",Flower102,l2,HardSAC,RandomSubsample10,train,50
0.4551922678947449,0.00007442384958267212,"pretrain(mbnetv2,imagenet-1k)->transfer(Flower102,0.1)","pretrain(resnet18,imagenet-1k)->transfer(Flower102,0.5)->prune(0.8)",Flower102,l2,HardSAC,RandomSubsample10,train,50
0.40298885107040405,0.00007457402534782887,"pretrain(mbnetv2,imagenet-1k)->transfer(Flower102,0.1)","pretrain(resnet18,imagenet-1k)->transfer(Flower102,0.5)->quantize(float16)",Flower102,l2,HardSAC,RandomSubsample10,train,50
0.40298885107040405,0.00007529603317379951,"pretrain(mbnetv2,imagenet-1k)->transfer(Flower102,0.1)","pretrain(resnet18,imagenet-1k)->transfer(Flower102,0.5)->quantize(qint8)",Flower102,l2,HardSAC,RandomSubsample10,train,50
0.4214261472225189,0.00007507880218327045,"pretrain(mbnetv2,imagenet-1k)->transfer(Flower102,0.1)","pretrain(resnet18,imagenet-1k)->transfer(Flower102,0.5)->steal(mbnetv2)",Flower102,l2,HardSAC,RandomSubsample10,train,50
0.4127953350543976,0.00007418286986649036,"pretrain(mbnetv2,imagenet-1k)->transfer(Flower102,0.1)","pretrain(resnet18,imagenet-1k)->transfer(Flower102,0.5)->steal(resnet18)",Flower102,l2,HardSAC,RandomSubsample10,train,50
0.44631826877593994,0.00007422291673719883,"pretrain(mbnetv2,imagenet-1k)->transfer(Flower102,0.1)","pretrain(resnet18,imagenet-1k)->transfer(Flower102,0.5)->distill()",Flower102,l2,HardSAC,RandomSubsample10,train,50
0.41376322507858276,0.00007522804662585258,"pretrain(mbnetv2,imagenet-1k)->transfer(Flower102,0.1)","pretrain(resnet18,imagenet-1k)->transfer(Flower102,1.0)",Flower102,l2,HardSAC,RandomSubsample10,train,50
0.4280186891555786,0.00007504806853830814,"pretrain(mbnetv2,imagenet-1k)->transfer(Flower102,0.1)","pretrain(resnet18,imagenet-1k)->transfer(Flower102,1.0)->prune(0.2)",Flower102,l2,HardSAC,RandomSubsample10,train,50
0.4242640733718872,0.00007459288462996483,"pretrain(mbnetv2,imagenet-1k)->transfer(Flower102,0.1)","pretrain(resnet18,imagenet-1k)->transfer(Flower102,1.0)->prune(0.5)",Flower102,l2,HardSAC,RandomSubsample10,train,50
0.4335896670818329,0.00007551908493041992,"pretrain(mbnetv2,imagenet-1k)->transfer(Flower102,0.1)","pretrain(resnet18,imagenet-1k)->transfer(Flower102,1.0)->prune(0.8)",Flower102,l2,HardSAC,RandomSubsample10,train,50
0.4252058267593384,0.00007503386586904526,"pretrain(mbnetv2,imagenet-1k)->transfer(Flower102,0.1)","pretrain(resnet18,imagenet-1k)->transfer(Flower102,1.0)->quantize(float16)",Flower102,l2,HardSAC,RandomSubsample10,train,50
0.4261455237865448,0.0000745758879929781,"pretrain(mbnetv2,imagenet-1k)->transfer(Flower102,0.1)","pretrain(resnet18,imagenet-1k)->transfer(Flower102,1.0)->quantize(qint8)",Flower102,l2,HardSAC,RandomSubsample10,train,50
0.4176122546195984,0.00007449602708220482,"pretrain(mbnetv2,imagenet-1k)->transfer(Flower102,0.1)","pretrain(resnet18,imagenet-1k)->transfer(Flower102,1.0)->steal(mbnetv2)",Flower102,l2,HardSAC,RandomSubsample10,train,50
0.41376322507858276,0.00007479102350771427,"pretrain(mbnetv2,imagenet-1k)->transfer(Flower102,0.1)","pretrain(resnet18,imagenet-1k)->transfer(Flower102,1.0)->steal(resnet18)",Flower102,l2,HardSAC,RandomSubsample10,train,50
0.4516635835170746,0.0000752380583435297,"pretrain(mbnetv2,imagenet-1k)->transfer(Flower102,0.1)","pretrain(resnet18,imagenet-1k)->transfer(Flower102,1.0)->distill()",Flower102,l2,HardSAC,RandomSubsample10,train,50
0.4108527600765228,0.00007493211887776852,"pretrain(mbnetv2,imagenet-1k)->transfer(Flower102,0.1)","train(mbnetv2,Flower102)",Flower102,l2,HardSAC,RandomSubsample10,train,50
0.4108527600765228,0.0000833459198474884,"pretrain(mbnetv2,imagenet-1k)->transfer(Flower102,0.1)","train(mbnetv2,Flower102)->prune(0.2)",Flower102,l2,HardSAC,RandomSubsample10,train,50
0.4176122546195984,0.00007461500354111195,"pretrain(mbnetv2,imagenet-1k)->transfer(Flower102,0.1)","train(mbnetv2,Flower102)->prune(0.5)",Flower102,l2,HardSAC,RandomSubsample10,train,50
0.40792155265808105,0.00008133193477988243,"pretrain(mbnetv2,imagenet-1k)->transfer(Flower102,0.1)","train(mbnetv2,Flower102)->prune(0.8)",Flower102,l2,HardSAC,RandomSubsample10,train,50
0.3949683606624603,0.00007407297380268574,"pretrain(mbnetv2,imagenet-1k)->transfer(Flower102,0.1)","train(mbnetv2,Flower102)->steal(mbnetv2)",Flower102,l2,HardSAC,RandomSubsample10,train,50
0.42047592997550964,0.00007511302828788757,"pretrain(mbnetv2,imagenet-1k)->transfer(Flower102,0.1)","train(mbnetv2,Flower102)->steal(resnet18)",Flower102,l2,HardSAC,RandomSubsample10,train,50
0.41376322507858276,0.00007500196807086468,"pretrain(mbnetv2,imagenet-1k)->transfer(Flower102,0.1)","train(mbnetv2,Flower102)->distill()",Flower102,l2,HardSAC,RandomSubsample10,train,50
0.4147288203239441,0.00007381383329629898,"pretrain(mbnetv2,imagenet-1k)->transfer(Flower102,0.1)","train(resnet18,Flower102)",Flower102,l2,HardSAC,RandomSubsample10,train,50
0.4242640733718872,0.00007473700679838657,"pretrain(mbnetv2,imagenet-1k)->transfer(Flower102,0.1)","train(resnet18,Flower102)->prune(0.2)",Flower102,l2,HardSAC,RandomSubsample10,train,50
0.4252058267593384,0.00007470790296792984,"pretrain(mbnetv2,imagenet-1k)->transfer(Flower102,0.1)","train(resnet18,Flower102)->prune(0.5)",Flower102,l2,HardSAC,RandomSubsample10,train,50
0.4252058267593384,0.00007501104846596718,"pretrain(mbnetv2,imagenet-1k)->transfer(Flower102,0.1)","train(resnet18,Flower102)->prune(0.8)",Flower102,l2,HardSAC,RandomSubsample10,train,50
0.4089009761810303,0.00007343199104070663,"pretrain(mbnetv2,imagenet-1k)->transfer(Flower102,0.1)","train(resnet18,Flower102)->steal(mbnetv2)",Flower102,l2,HardSAC,RandomSubsample10,train,50
0.4059556722640991,0.00007407809607684612,"pretrain(mbnetv2,imagenet-1k)->transfer(Flower102,0.1)","train(resnet18,Flower102)->steal(resnet18)",Flower102,l2,HardSAC,RandomSubsample10,train,50
0.4127953350543976,0.00007469998672604561,"pretrain(mbnetv2,imagenet-1k)->transfer(Flower102,0.1)","train(resnet18,Flower102)->distill()",Flower102,l2,HardSAC,RandomSubsample10,train,50
0.32984843850135803,0.00013099214993417263,"pretrain(mbnetv2,imagenet-1k)->transfer(Flower102,0.5)","pretrain(mbnetv2,imagenet-1k)->transfer(Flower102,0.1)",Flower102,l2,HardSAC,RandomSubsample10,train,50
0.2576819658279419,0.00009364588186144829,"pretrain(mbnetv2,imagenet-1k)->transfer(Flower102,0.5)","pretrain(mbnetv2,imagenet-1k)->transfer(Flower102,0.1)->prune(0.2)",Flower102,l2,HardSAC,RandomSubsample10,train,50
0.29257479310035706,0.00008750497363507748,"pretrain(mbnetv2,imagenet-1k)->transfer(Flower102,0.5)","pretrain(mbnetv2,imagenet-1k)->transfer(Flower102,0.1)->prune(0.5)",Flower102,l2,HardSAC,RandomSubsample10,train,50
0.3358571231365204,0.00008788704872131348,"pretrain(mbnetv2,imagenet-1k)->transfer(Flower102,0.5)","pretrain(mbnetv2,imagenet-1k)->transfer(Flower102,0.1)->prune(0.8)",Flower102,l2,HardSAC,RandomSubsample10,train,50
0.32984843850135803,0.00007711700163781643,"pretrain(mbnetv2,imagenet-1k)->transfer(Flower102,0.5)","pretrain(mbnetv2,imagenet-1k)->transfer(Flower102,0.1)->quantize(float16)",Flower102,l2,HardSAC,RandomSubsample10,train,50
0.32984843850135803,0.00007704412564635277,"pretrain(mbnetv2,imagenet-1k)->transfer(Flower102,0.5)","pretrain(mbnetv2,imagenet-1k)->transfer(Flower102,0.1)->quantize(qint8)",Flower102,l2,HardSAC,RandomSubsample10,train,50
0.27129319310188293,0.0000753400381654501,"pretrain(mbnetv2,imagenet-1k)->transfer(Flower102,0.5)","pretrain(mbnetv2,imagenet-1k)->transfer(Flower102,0.1)->steal(mbnetv2)",Flower102,l2,HardSAC,RandomSubsample10,train,50
0.3059411644935608,0.00007548113353550434,"pretrain(mbnetv2,imagenet-1k)->transfer(Flower102,0.5)","pretrain(mbnetv2,imagenet-1k)->transfer(Flower102,0.1)->steal(resnet18)",Flower102,l2,HardSAC,RandomSubsample10,train,50
0.300665944814682,0.00007474003359675407,"pretrain(mbnetv2,imagenet-1k)->transfer(Flower102,0.5)","pretrain(mbnetv2,imagenet-1k)->transfer(Flower102,0.1)->distill()",Flower102,l2,HardSAC,RandomSubsample10,train,50
0.0,0.00008411402814090252,"pretrain(mbnetv2,imagenet-1k)->transfer(Flower102,0.5)","pretrain(mbnetv2,imagenet-1k)->transfer(Flower102,0.5)",Flower102,l2,HardSAC,RandomSubsample10,train,50
0.18761663138866425,0.0000741700641810894,"pretrain(mbnetv2,imagenet-1k)->transfer(Flower102,0.5)","pretrain(mbnetv2,imagenet-1k)->transfer(Flower102,0.5)->prune(0.2)",Flower102,l2,HardSAC,RandomSubsample10,train,50
0.2592296302318573,0.00007430906407535076,"pretrain(mbnetv2,imagenet-1k)->transfer(Flower102,0.5)","pretrain(mbnetv2,imagenet-1k)->transfer(Flower102,0.5)->prune(0.5)",Flower102,l2,HardSAC,RandomSubsample10,train,50
0.3346640169620514,0.00007484015077352524,"pretrain(mbnetv2,imagenet-1k)->transfer(Flower102,0.5)","pretrain(mbnetv2,imagenet-1k)->transfer(Flower102,0.5)->prune(0.8)",Flower102,l2,HardSAC,RandomSubsample10,train,50
0.0,0.00007486296817660332,"pretrain(mbnetv2,imagenet-1k)->transfer(Flower102,0.5)","pretrain(mbnetv2,imagenet-1k)->transfer(Flower102,0.5)->quantize(float16)",Flower102,l2,HardSAC,RandomSubsample10,train,50
0.07999999821186066,0.00007389509119093418,"pretrain(mbnetv2,imagenet-1k)->transfer(Flower102,0.5)","pretrain(mbnetv2,imagenet-1k)->transfer(Flower102,0.5)->quantize(qint8)",Flower102,l2,HardSAC,RandomSubsample10,train,50
0.28705400228500366,0.00007466506212949753,"pretrain(mbnetv2,imagenet-1k)->transfer(Flower102,0.5)","pretrain(mbnetv2,imagenet-1k)->transfer(Flower102,0.5)->steal(mbnetv2)",Flower102,l2,HardSAC,RandomSubsample10,train,50
0.32249030470848083,0.00007473700679838657,"pretrain(mbnetv2,imagenet-1k)->transfer(Flower102,0.5)","pretrain(mbnetv2,imagenet-1k)->transfer(Flower102,0.5)->steal(resnet18)",Flower102,l2,HardSAC,RandomSubsample10,train,50
0.31240999698638916,0.00007454887963831425,"pretrain(mbnetv2,imagenet-1k)->transfer(Flower102,0.5)","pretrain(mbnetv2,imagenet-1k)->transfer(Flower102,0.5)->distill()",Flower102,l2,HardSAC,RandomSubsample10,train,50
0.24494896829128265,0.00007536890916526318,"pretrain(mbnetv2,imagenet-1k)->transfer(Flower102,0.5)","pretrain(mbnetv2,imagenet-1k)->transfer(Flower102,1.0)",Flower102,l2,HardSAC,RandomSubsample10,train,50
0.24331049621105194,0.00007348391227424145,"pretrain(mbnetv2,imagenet-1k)->transfer(Flower102,0.5)","pretrain(mbnetv2,imagenet-1k)->transfer(Flower102,1.0)->prune(0.2)",Flower102,l2,HardSAC,RandomSubsample10,train,50
0.338230699300766,0.00007399194873869419,"pretrain(mbnetv2,imagenet-1k)->transfer(Flower102,0.5)","pretrain(mbnetv2,imagenet-1k)->transfer(Flower102,1.0)->prune(0.5)",Flower102,l2,HardSAC,RandomSubsample10,train,50
0.3322649598121643,0.00007413211278617382,"pretrain(mbnetv2,imagenet-1k)->transfer(Flower102,0.5)","pretrain(mbnetv2,imagenet-1k)->transfer(Flower102,1.0)->prune(0.8)",Flower102,l2,HardSAC,RandomSubsample10,train,50
0.24494896829128265,0.00007432699203491211,"pretrain(mbnetv2,imagenet-1k)->transfer(Flower102,0.5)","pretrain(mbnetv2,imagenet-1k)->transfer(Flower102,1.0)->quantize(float16)",Flower102,l2,HardSAC,RandomSubsample10,train,50
0.2416609227657318,0.00007468112744390965,"pretrain(mbnetv2,imagenet-1k)->transfer(Flower102,0.5)","pretrain(mbnetv2,imagenet-1k)->transfer(Flower102,1.0)->quantize(qint8)",Flower102,l2,HardSAC,RandomSubsample10,train,50
0.32124757766723633,0.00008009490557014942,"pretrain(mbnetv2,imagenet-1k)->transfer(Flower102,0.5)","pretrain(mbnetv2,imagenet-1k)->transfer(Flower102,1.0)->steal(mbnetv2)",Flower102,l2,HardSAC,RandomSubsample10,train,50
0.30331501364707947,0.00007493887096643448,"pretrain(mbnetv2,imagenet-1k)->transfer(Flower102,0.5)","pretrain(mbnetv2,imagenet-1k)->transfer(Flower102,1.0)->steal(resnet18)",Flower102,l2,HardSAC,RandomSubsample10,train,50
0.2939387857913971,0.00007452699355781078,"pretrain(mbnetv2,imagenet-1k)->transfer(Flower102,0.5)","pretrain(mbnetv2,imagenet-1k)->transfer(Flower102,1.0)->distill()",Flower102,l2,HardSAC,RandomSubsample10,train,50
0.36221539974212646,0.00007503083907067776,"pretrain(mbnetv2,imagenet-1k)->transfer(Flower102,0.5)","pretrain(resnet18,imagenet-1k)->transfer(Flower102,0.1)",Flower102,l2,HardSAC,RandomSubsample10,train,50
0.3237282931804657,0.00007456797175109386,"pretrain(mbnetv2,imagenet-1k)->transfer(Flower102,0.5)","pretrain(resnet18,imagenet-1k)->transfer(Flower102,0.1)->prune(0.2)",Flower102,l2,HardSAC,RandomSubsample10,train,50
0.3440930247306824,0.00007419497705996037,"pretrain(mbnetv2,imagenet-1k)->transfer(Flower102,0.5)","pretrain(resnet18,imagenet-1k)->transfer(Flower102,0.1)->prune(0.5)",Flower102,l2,HardSAC,RandomSubsample10,train,50
0.3784177601337433,0.00007473304867744446,"pretrain(mbnetv2,imagenet-1k)->transfer(Flower102,0.5)","pretrain(resnet18,imagenet-1k)->transfer(Flower102,0.1)->prune(0.8)",Flower102,l2,HardSAC,RandomSubsample10,train,50
0.36221539974212646,0.00007514096796512604,"pretrain(mbnetv2,imagenet-1k)->transfer(Flower102,0.5)","pretrain(resnet18,imagenet-1k)->transfer(Flower102,0.1)->quantize(float16)",Flower102,l2,HardSAC,RandomSubsample10,train,50
0.36221539974212646,0.00007465505041182041,"pretrain(mbnetv2,imagenet-1k)->transfer(Flower102,0.5)","pretrain(resnet18,imagenet-1k)->transfer(Flower102,0.1)->quantize(qint8)",Flower102,l2,HardSAC,RandomSubsample10,train,50
0.2993325889110565,0.00008049793541431427,"pretrain(mbnetv2,imagenet-1k)->transfer(Flower102,0.5)","pretrain(resnet18,imagenet-1k)->transfer(Flower102,0.1)->steal(mbnetv2)",Flower102,l2,HardSAC,RandomSubsample10,train,50
0.30463093519210815,0.0000746031291782856,"pretrain(mbnetv2,imagenet-1k)->transfer(Flower102,0.5)","pretrain(resnet18,imagenet-1k)->transfer(Flower102,0.1)->steal(resnet18)",Flower102,l2,HardSAC,RandomSubsample10,train,50
0.41856899857521057,0.00007405993528664112,"pretrain(mbnetv2,imagenet-1k)->transfer(Flower102,0.5)","pretrain(resnet18,imagenet-1k)->transfer(Flower102,0.1)->distill()",Flower102,l2,HardSAC,RandomSubsample10,train,50
0.29664793610572815,0.00007477100007236004,"pretrain(mbnetv2,imagenet-1k)->transfer(Flower102,0.5)","pretrain(resnet18,imagenet-1k)->transfer(Flower102,0.5)",Flower102,l2,HardSAC,RandomSubsample10,train,50
0.3059411644935608,0.00007393700070679188,"pretrain(mbnetv2,imagenet-1k)->transfer(Flower102,0.5)","pretrain(resnet18,imagenet-1k)->transfer(Flower102,0.5)->prune(0.2)",Flower102,l2,HardSAC,RandomSubsample10,train,50
0.29664793610572815,0.00007426692172884941,"pretrain(mbnetv2,imagenet-1k)->transfer(Flower102,0.5)","pretrain(resnet18,imagenet-1k)->transfer(Flower102,0.5)->prune(0.5)",Flower102,l2,HardSAC,RandomSubsample10,train,50
0.38052594661712646,0.00007459195330739021,"pretrain(mbnetv2,imagenet-1k)->transfer(Flower102,0.5)","pretrain(resnet18,imagenet-1k)->transfer(Flower102,0.5)->prune(0.8)",Flower102,l2,HardSAC,RandomSubsample10,train,50
0.28705400228500366,0.00007418193854391575,"pretrain(mbnetv2,imagenet-1k)->transfer(Flower102,0.5)","pretrain(resnet18,imagenet-1k)->transfer(Flower102,0.5)->quantize(float16)",Flower102,l2,HardSAC,RandomSubsample10,train,50
0.28705400228500366,0.0000737879890948534,"pretrain(mbnetv2,imagenet-1k)->transfer(Flower102,0.5)","pretrain(resnet18,imagenet-1k)->transfer(Flower102,0.5)->quantize(qint8)",Flower102,l2,HardSAC,RandomSubsample10,train,50
0.26981475949287415,0.00008293380960822105,"pretrain(mbnetv2,imagenet-1k)->transfer(Flower102,0.5)","pretrain(resnet18,imagenet-1k)->transfer(Flower102,0.5)->steal(mbnetv2)",Flower102,l2,HardSAC,RandomSubsample10,train,50
0.28705400228500366,0.00007515586912631989,"pretrain(mbnetv2,imagenet-1k)->transfer(Flower102,0.5)","pretrain(resnet18,imagenet-1k)->transfer(Flower102,0.5)->steal(resnet18)",Flower102,l2,HardSAC,RandomSubsample10,train,50
0.29257479310035706,0.00007457495667040348,"pretrain(mbnetv2,imagenet-1k)->transfer(Flower102,0.5)","pretrain(resnet18,imagenet-1k)->transfer(Flower102,0.5)->distill()",Flower102,l2,HardSAC,RandomSubsample10,train,50
0.28425338864326477,0.00007478101179003716,"pretrain(mbnetv2,imagenet-1k)->transfer(Flower102,0.5)","pretrain(resnet18,imagenet-1k)->transfer(Flower102,1.0)",Flower102,l2,HardSAC,RandomSubsample10,train,50
0.27422618865966797,0.00007417285814881325,"pretrain(mbnetv2,imagenet-1k)->transfer(Flower102,0.5)","pretrain(resnet18,imagenet-1k)->transfer(Flower102,1.0)->prune(0.2)",Flower102,l2,HardSAC,RandomSubsample10,train,50
0.29120439291000366,0.00007475120946764946,"pretrain(mbnetv2,imagenet-1k)->transfer(Flower102,0.5)","pretrain(resnet18,imagenet-1k)->transfer(Flower102,1.0)->prune(0.5)",Flower102,l2,HardSAC,RandomSubsample10,train,50
0.37309515476226807,0.00007526995614171028,"pretrain(mbnetv2,imagenet-1k)->transfer(Flower102,0.5)","pretrain(resnet18,imagenet-1k)->transfer(Flower102,1.0)->prune(0.8)",Flower102,l2,HardSAC,RandomSubsample10,train,50
0.27422618865966797,0.00007414398714900017,"pretrain(mbnetv2,imagenet-1k)->transfer(Flower102,0.5)","pretrain(resnet18,imagenet-1k)->transfer(Flower102,1.0)->quantize(float16)",Flower102,l2,HardSAC,RandomSubsample10,train,50
0.27422618865966797,0.00007398310117423534,"pretrain(mbnetv2,imagenet-1k)->transfer(Flower102,0.5)","pretrain(resnet18,imagenet-1k)->transfer(Flower102,1.0)->quantize(qint8)",Flower102,l2,HardSAC,RandomSubsample10,train,50
0.28565713763237,0.00007487018592655659,"pretrain(mbnetv2,imagenet-1k)->transfer(Flower102,0.5)","pretrain(resnet18,imagenet-1k)->transfer(Flower102,1.0)->steal(mbnetv2)",Flower102,l2,HardSAC,RandomSubsample10,train,50
0.3111269772052765,0.00007460894994437695,"pretrain(mbnetv2,imagenet-1k)->transfer(Flower102,0.5)","pretrain(resnet18,imagenet-1k)->transfer(Flower102,1.0)->steal(resnet18)",Flower102,l2,HardSAC,RandomSubsample10,train,50
0.27422618865966797,0.00008145696483552456,"pretrain(mbnetv2,imagenet-1k)->transfer(Flower102,0.5)","pretrain(resnet18,imagenet-1k)->transfer(Flower102,1.0)->distill()",Flower102,l2,HardSAC,RandomSubsample10,train,50
0.3174901604652405,0.00007488601841032505,"pretrain(mbnetv2,imagenet-1k)->transfer(Flower102,0.5)","train(mbnetv2,Flower102)",Flower102,l2,HardSAC,RandomSubsample10,train,50
0.33105891942977905,0.00008229585364460945,"pretrain(mbnetv2,imagenet-1k)->transfer(Flower102,0.5)","train(mbnetv2,Flower102)->prune(0.2)",Flower102,l2,HardSAC,RandomSubsample10,train,50
0.3237282931804657,0.00007465807721018791,"pretrain(mbnetv2,imagenet-1k)->transfer(Flower102,0.5)","train(mbnetv2,Flower102)->prune(0.5)",Flower102,l2,HardSAC,RandomSubsample10,train,50
0.35665109753608704,0.00007474096491932869,"pretrain(mbnetv2,imagenet-1k)->transfer(Flower102,0.5)","train(mbnetv2,Flower102)->prune(0.8)",Flower102,l2,HardSAC,RandomSubsample10,train,50
0.32619011402130127,0.00007629115134477615,"pretrain(mbnetv2,imagenet-1k)->transfer(Flower102,0.5)","train(mbnetv2,Flower102)->steal(mbnetv2)",Flower102,l2,HardSAC,RandomSubsample10,train,50
0.3611094057559967,0.0000755630899220705,"pretrain(mbnetv2,imagenet-1k)->transfer(Flower102,0.5)","train(mbnetv2,Flower102)->steal(resnet18)",Flower102,l2,HardSAC,RandomSubsample10,train,50
0.33105891942977905,0.00007482292130589485,"pretrain(mbnetv2,imagenet-1k)->transfer(Flower102,0.5)","train(mbnetv2,Flower102)->distill()",Flower102,l2,HardSAC,RandomSubsample10,train,50
0.37309515476226807,0.00007545202970504761,"pretrain(mbnetv2,imagenet-1k)->transfer(Flower102,0.5)","train(resnet18,Flower102)",Flower102,l2,HardSAC,RandomSubsample10,train,50
0.35665109753608704,0.00007473793812096119,"pretrain(mbnetv2,imagenet-1k)->transfer(Flower102,0.5)","train(resnet18,Flower102)->prune(0.2)",Flower102,l2,HardSAC,RandomSubsample10,train,50
0.34525352716445923,0.00007384293712675571,"pretrain(mbnetv2,imagenet-1k)->transfer(Flower102,0.5)","train(resnet18,Flower102)->prune(0.5)",Flower102,l2,HardSAC,RandomSubsample10,train,50
0.3358571231365204,0.00007407297380268574,"pretrain(mbnetv2,imagenet-1k)->transfer(Flower102,0.5)","train(resnet18,Flower102)->prune(0.8)",Flower102,l2,HardSAC,RandomSubsample10,train,50
0.3498571217060089,0.0000741609837859869,"pretrain(mbnetv2,imagenet-1k)->transfer(Flower102,0.5)","train(resnet18,Flower102)->steal(mbnetv2)",Flower102,l2,HardSAC,RandomSubsample10,train,50
0.3521363437175751,0.00007477193139493465,"pretrain(mbnetv2,imagenet-1k)->transfer(Flower102,0.5)","train(resnet18,Flower102)->steal(resnet18)",Flower102,l2,HardSAC,RandomSubsample10,train,50
0.34292855858802795,0.00007430696859955788,"pretrain(mbnetv2,imagenet-1k)->transfer(Flower102,0.5)","train(resnet18,Flower102)->distill()",Flower102,l2,HardSAC,RandomSubsample10,train,50
0.45782092213630676,0.0001462399959564209,"pretrain(mbnetv2,imagenet-1k)->transfer(Flower102,1.0)","pretrain(mbnetv2,imagenet-1k)->transfer(Flower102,0.1)",Flower102,l2,HardSAC,RandomSubsample10,train,50
0.4399999976158142,0.00009536091238260269,"pretrain(mbnetv2,imagenet-1k)->transfer(Flower102,1.0)","pretrain(mbnetv2,imagenet-1k)->transfer(Flower102,0.1)->prune(0.2)",Flower102,l2,HardSAC,RandomSubsample10,train,50
0.4507771134376526,0.00008443091064691544,"pretrain(mbnetv2,imagenet-1k)->transfer(Flower102,1.0)","pretrain(mbnetv2,imagenet-1k)->transfer(Flower102,0.1)->prune(0.5)",Flower102,l2,HardSAC,RandomSubsample10,train,50
0.45694640278816223,0.00007685995660722256,"pretrain(mbnetv2,imagenet-1k)->transfer(Flower102,1.0)","pretrain(mbnetv2,imagenet-1k)->transfer(Flower102,0.1)->prune(0.8)",Flower102,l2,HardSAC,RandomSubsample10,train,50
0.45782092213630676,0.00008387002162635326,"pretrain(mbnetv2,imagenet-1k)->transfer(Flower102,1.0)","pretrain(mbnetv2,imagenet-1k)->transfer(Flower102,0.1)->quantize(float16)",Flower102,l2,HardSAC,RandomSubsample10,train,50
0.45782092213630676,0.00007641804404556751,"pretrain(mbnetv2,imagenet-1k)->transfer(Flower102,1.0)","pretrain(mbnetv2,imagenet-1k)->transfer(Flower102,0.1)->quantize(qint8)",Flower102,l2,HardSAC,RandomSubsample10,train,50
0.44271886348724365,0.00007715891115367413,"pretrain(mbnetv2,imagenet-1k)->transfer(Flower102,1.0)","pretrain(mbnetv2,imagenet-1k)->transfer(Flower102,0.1)->steal(mbnetv2)",Flower102,l2,HardSAC,RandomSubsample10,train,50
0.44899889826774597,0.00007521710358560085,"pretrain(mbnetv2,imagenet-1k)->transfer(Flower102,1.0)","pretrain(mbnetv2,imagenet-1k)->transfer(Flower102,0.1)->steal(resnet18)",Flower102,l2,HardSAC,RandomSubsample10,train,50
0.4261455237865448,0.00008179503493010998,"pretrain(mbnetv2,imagenet-1k)->transfer(Flower102,1.0)","pretrain(mbnetv2,imagenet-1k)->transfer(Flower102,0.1)->distill()",Flower102,l2,HardSAC,RandomSubsample10,train,50
0.37202149629592896,0.00007410207763314247,"pretrain(mbnetv2,imagenet-1k)->transfer(Flower102,1.0)","pretrain(mbnetv2,imagenet-1k)->transfer(Flower102,0.5)",Flower102,l2,HardSAC,RandomSubsample10,train,50
0.34525352716445923,0.00007420801557600498,"pretrain(mbnetv2,imagenet-1k)->transfer(Flower102,1.0)","pretrain(mbnetv2,imagenet-1k)->transfer(Flower102,0.5)->prune(0.2)",Flower102,l2,HardSAC,RandomSubsample10,train,50
0.39597979187965393,0.00007479102350771427,"pretrain(mbnetv2,imagenet-1k)->transfer(Flower102,1.0)","pretrain(mbnetv2,imagenet-1k)->transfer(Flower102,0.5)->prune(0.5)",Flower102,l2,HardSAC,RandomSubsample10,train,50
0.4656178653240204,0.00007431302219629288,"pretrain(mbnetv2,imagenet-1k)->transfer(Flower102,1.0)","pretrain(mbnetv2,imagenet-1k)->transfer(Flower102,0.5)->prune(0.8)",Flower102,l2,HardSAC,RandomSubsample10,train,50
0.37202149629592896,0.00007466902025043964,"pretrain(mbnetv2,imagenet-1k)->transfer(Flower102,1.0)","pretrain(mbnetv2,imagenet-1k)->transfer(Flower102,0.5)->quantize(float16)",Flower102,l2,HardSAC,RandomSubsample10,train,50
0.37202149629592896,0.00007385807111859322,"pretrain(mbnetv2,imagenet-1k)->transfer(Flower102,1.0)","pretrain(mbnetv2,imagenet-1k)->transfer(Flower102,0.5)->quantize(qint8)",Flower102,l2,HardSAC,RandomSubsample10,train,50
0.43908995389938354,0.00007510511204600334,"pretrain(mbnetv2,imagenet-1k)->transfer(Flower102,1.0)","pretrain(mbnetv2,imagenet-1k)->transfer(Flower102,0.5)->steal(mbnetv2)",Flower102,l2,HardSAC,RandomSubsample10,train,50
0.4638965427875519,0.00007438194006681442,"pretrain(mbnetv2,imagenet-1k)->transfer(Flower102,1.0)","pretrain(mbnetv2,imagenet-1k)->transfer(Flower102,0.5)->steal(resnet18)",Flower102,l2,HardSAC,RandomSubsample10,train,50
0.4335896670818329,0.00007441290654242039,"pretrain(mbnetv2,imagenet-1k)->transfer(Flower102,1.0)","pretrain(mbnetv2,imagenet-1k)->transfer(Flower102,0.5)->distill()",Flower102,l2,HardSAC,RandomSubsample10,train,50
0.0,0.00007402617484331131,"pretrain(mbnetv2,imagenet-1k)->transfer(Flower102,1.0)","pretrain(mbnetv2,imagenet-1k)->transfer(Flower102,1.0)",Flower102,l2,HardSAC,RandomSubsample10,train,50
0.2756809592247009,0.00008030794560909271,"pretrain(mbnetv2,imagenet-1k)->transfer(Flower102,1.0)","pretrain(mbnetv2,imagenet-1k)->transfer(Flower102,1.0)->prune(0.2)",Flower102,l2,HardSAC,RandomSubsample10,train,50
0.3521363437175751,0.00007417402230203152,"pretrain(mbnetv2,imagenet-1k)->transfer(Flower102,1.0)","pretrain(mbnetv2,imagenet-1k)->transfer(Flower102,1.0)->prune(0.5)",Flower102,l2,HardSAC,RandomSubsample10,train,50
0.4507771134376526,0.00007488392293453217,"pretrain(mbnetv2,imagenet-1k)->transfer(Flower102,1.0)","pretrain(mbnetv2,imagenet-1k)->transfer(Flower102,1.0)->prune(0.8)",Flower102,l2,HardSAC,RandomSubsample10,train,50
0.0,0.00007477495819330215,"pretrain(mbnetv2,imagenet-1k)->transfer(Flower102,1.0)","pretrain(mbnetv2,imagenet-1k)->transfer(Flower102,1.0)->quantize(float16)",Flower102,l2,HardSAC,RandomSubsample10,train,50
0.05656854063272476,0.00007392698898911476,"pretrain(mbnetv2,imagenet-1k)->transfer(Flower102,1.0)","pretrain(mbnetv2,imagenet-1k)->transfer(Flower102,1.0)->quantize(qint8)",Flower102,l2,HardSAC,RandomSubsample10,train,50
0.4472135901451111,0.00007461803033947945,"pretrain(mbnetv2,imagenet-1k)->transfer(Flower102,1.0)","pretrain(mbnetv2,imagenet-1k)->transfer(Flower102,1.0)->steal(mbnetv2)",Flower102,l2,HardSAC,RandomSubsample10,train,50
0.44542115926742554,0.00007456704042851925,"pretrain(mbnetv2,imagenet-1k)->transfer(Flower102,1.0)","pretrain(mbnetv2,imagenet-1k)->transfer(Flower102,1.0)->steal(resnet18)",Flower102,l2,HardSAC,RandomSubsample10,train,50
0.3969886600971222,0.00007484713569283485,"pretrain(mbnetv2,imagenet-1k)->transfer(Flower102,1.0)","pretrain(mbnetv2,imagenet-1k)->transfer(Flower102,1.0)->distill()",Flower102,l2,HardSAC,RandomSubsample10,train,50
0.4560701847076416,0.00007397495210170746,"pretrain(mbnetv2,imagenet-1k)->transfer(Flower102,1.0)","pretrain(resnet18,imagenet-1k)->transfer(Flower102,0.1)",Flower102,l2,HardSAC,RandomSubsample10,train,50
0.45431268215179443,0.00008270889520645142,"pretrain(mbnetv2,imagenet-1k)->transfer(Flower102,1.0)","pretrain(resnet18,imagenet-1k)->transfer(Flower102,0.1)->prune(0.2)",Flower102,l2,HardSAC,RandomSubsample10,train,50
0.44542115926742554,0.00007443386130034924,"pretrain(mbnetv2,imagenet-1k)->transfer(Flower102,1.0)","pretrain(resnet18,imagenet-1k)->transfer(Flower102,0.1)->prune(0.5)",Flower102,l2,HardSAC,RandomSubsample10,train,50
0.4516635835170746,0.00007415702566504478,"pretrain(mbnetv2,imagenet-1k)->transfer(Flower102,1.0)","pretrain(resnet18,imagenet-1k)->transfer(Flower102,0.1)->prune(0.8)",Flower102,l2,HardSAC,RandomSubsample10,train,50
0.4560701847076416,0.00007514306344091892,"pretrain(mbnetv2,imagenet-1k)->transfer(Flower102,1.0)","pretrain(resnet18,imagenet-1k)->transfer(Flower102,0.1)->quantize(float16)",Flower102,l2,HardSAC,RandomSubsample10,train,50
0.4560701847076416,0.0000737970694899559,"pretrain(mbnetv2,imagenet-1k)->transfer(Flower102,1.0)","pretrain(resnet18,imagenet-1k)->transfer(Flower102,0.1)->quantize(qint8)",Flower102,l2,HardSAC,RandomSubsample10,train,50
0.44631826877593994,0.00007326994091272354,"pretrain(mbnetv2,imagenet-1k)->transfer(Flower102,1.0)","pretrain(resnet18,imagenet-1k)->transfer(Flower102,0.1)->steal(mbnetv2)",Flower102,l2,HardSAC,RandomSubsample10,train,50
0.44542115926742554,0.00007441500201821327,"pretrain(mbnetv2,imagenet-1k)->transfer(Flower102,1.0)","pretrain(resnet18,imagenet-1k)->transfer(Flower102,0.1)->steal(resnet18)",Flower102,l2,HardSAC,RandomSubsample10,train,50
0.46818798780441284,0.00007533980533480644,"pretrain(mbnetv2,imagenet-1k)->transfer(Flower102,1.0)","pretrain(resnet18,imagenet-1k)->transfer(Flower102,0.1)->distill()",Flower102,l2,HardSAC,RandomSubsample10,train,50
0.43817806243896484,0.00007371813990175724,"pretrain(mbnetv2,imagenet-1k)->transfer(Flower102,1.0)","pretrain(resnet18,imagenet-1k)->transfer(Flower102,0.5)",Flower102,l2,HardSAC,RandomSubsample10,train,50
0.4009987413883209,0.00007441709749400616,"pretrain(mbnetv2,imagenet-1k)->transfer(Flower102,1.0)","pretrain(resnet18,imagenet-1k)->transfer(Flower102,0.5)->prune(0.2)",Flower102,l2,HardSAC,RandomSubsample10,train,50
0.40792155265808105,0.0000746001023799181,"pretrain(mbnetv2,imagenet-1k)->transfer(Flower102,1.0)","pretrain(resnet18,imagenet-1k)->transfer(Flower102,0.5)->prune(0.5)",Flower102,l2,HardSAC,RandomSubsample10,train,50
0.4498888850212097,0.0000754878856241703,"pretrain(mbnetv2,imagenet-1k)->transfer(Flower102,1.0)","pretrain(resnet18,imagenet-1k)->transfer(Flower102,0.5)->prune(0.8)",Flower102,l2,HardSAC,RandomSubsample10,train,50
0.39089640974998474,0.00007440801709890366,"pretrain(mbnetv2,imagenet-1k)->transfer(Flower102,1.0)","pretrain(resnet18,imagenet-1k)->transfer(Flower102,0.5)->quantize(float16)",Flower102,l2,HardSAC,RandomSubsample10,train,50
0.39089640974998474,0.00007465900853276253,"pretrain(mbnetv2,imagenet-1k)->transfer(Flower102,1.0)","pretrain(resnet18,imagenet-1k)->transfer(Flower102,0.5)->quantize(qint8)",Flower102,l2,HardSAC,RandomSubsample10,train,50
0.430813193321228,0.00007576006464660168,"pretrain(mbnetv2,imagenet-1k)->transfer(Flower102,1.0)","pretrain(resnet18,imagenet-1k)->transfer(Flower102,0.5)->steal(mbnetv2)",Flower102,l2,HardSAC,RandomSubsample10,train,50
0.45956501364707947,0.00007445109076797962,"pretrain(mbnetv2,imagenet-1k)->transfer(Flower102,1.0)","pretrain(resnet18,imagenet-1k)->transfer(Flower102,0.5)->steal(resnet18)",Flower102,l2,HardSAC,RandomSubsample10,train,50
0.4534313678741455,0.00007562804967164993,"pretrain(mbnetv2,imagenet-1k)->transfer(Flower102,1.0)","pretrain(resnet18,imagenet-1k)->transfer(Flower102,0.5)->distill()",Flower102,l2,HardSAC,RandomSubsample10,train,50
0.4242640733718872,0.00007402407936751842,"pretrain(mbnetv2,imagenet-1k)->transfer(Flower102,1.0)","pretrain(resnet18,imagenet-1k)->transfer(Flower102,1.0)",Flower102,l2,HardSAC,RandomSubsample10,train,50
0.4214261472225189,0.0000742569100111723,"pretrain(mbnetv2,imagenet-1k)->transfer(Flower102,1.0)","pretrain(resnet18,imagenet-1k)->transfer(Flower102,1.0)->prune(0.2)",Flower102,l2,HardSAC,RandomSubsample10,train,50
0.4242640733718872,0.00007403502240777016,"pretrain(mbnetv2,imagenet-1k)->transfer(Flower102,1.0)","pretrain(resnet18,imagenet-1k)->transfer(Flower102,1.0)->prune(0.5)",Flower102,l2,HardSAC,RandomSubsample10,train,50
0.43908995389938354,0.00007471907883882523,"pretrain(mbnetv2,imagenet-1k)->transfer(Flower102,1.0)","pretrain(resnet18,imagenet-1k)->transfer(Flower102,1.0)->prune(0.8)",Flower102,l2,HardSAC,RandomSubsample10,train,50
0.4242640733718872,0.00007515097968280315,"pretrain(mbnetv2,imagenet-1k)->transfer(Flower102,1.0)","pretrain(resnet18,imagenet-1k)->transfer(Flower102,1.0)->quantize(float16)",Flower102,l2,HardSAC,RandomSubsample10,train,50
0.4242640733718872,0.00007438100874423981,"pretrain(mbnetv2,imagenet-1k)->transfer(Flower102,1.0)","pretrain(resnet18,imagenet-1k)->transfer(Flower102,1.0)->quantize(qint8)",Flower102,l2,HardSAC,RandomSubsample10,train,50
0.43817806243896484,0.00007534096948802471,"pretrain(mbnetv2,imagenet-1k)->transfer(Flower102,1.0)","pretrain(resnet18,imagenet-1k)->transfer(Flower102,1.0)->steal(mbnetv2)",Flower102,l2,HardSAC,RandomSubsample10,train,50
0.44899889826774597,0.00007486692629754543,"pretrain(mbnetv2,imagenet-1k)->transfer(Flower102,1.0)","pretrain(resnet18,imagenet-1k)->transfer(Flower102,1.0)->steal(resnet18)",Flower102,l2,HardSAC,RandomSubsample10,train,50
0.4498888850212097,0.00007416005246341228,"pretrain(mbnetv2,imagenet-1k)->transfer(Flower102,1.0)","pretrain(resnet18,imagenet-1k)->transfer(Flower102,1.0)->distill()",Flower102,l2,HardSAC,RandomSubsample10,train,50
0.4498888850212097,0.00007348507642745972,"pretrain(mbnetv2,imagenet-1k)->transfer(Flower102,1.0)","train(mbnetv2,Flower102)",Flower102,l2,HardSAC,RandomSubsample10,train,50
0.4507771134376526,0.00007422291673719883,"pretrain(mbnetv2,imagenet-1k)->transfer(Flower102,1.0)","train(mbnetv2,Flower102)->prune(0.2)",Flower102,l2,HardSAC,RandomSubsample10,train,50
0.44271886348724365,0.00007386598736047745,"pretrain(mbnetv2,imagenet-1k)->transfer(Flower102,1.0)","train(mbnetv2,Flower102)->prune(0.5)",Flower102,l2,HardSAC,RandomSubsample10,train,50
0.4498888850212097,0.00007433397695422173,"pretrain(mbnetv2,imagenet-1k)->transfer(Flower102,1.0)","train(mbnetv2,Flower102)->prune(0.8)",Flower102,l2,HardSAC,RandomSubsample10,train,50
0.44810712337493896,0.00007448717951774597,"pretrain(mbnetv2,imagenet-1k)->transfer(Flower102,1.0)","train(mbnetv2,Flower102)->steal(mbnetv2)",Flower102,l2,HardSAC,RandomSubsample10,train,50
0.47833043336868286,0.00007474911399185658,"pretrain(mbnetv2,imagenet-1k)->transfer(Flower102,1.0)","train(mbnetv2,Flower102)->steal(resnet18)",Flower102,l2,HardSAC,RandomSubsample10,train,50
0.45782092213630676,0.00007442315109074116,"pretrain(mbnetv2,imagenet-1k)->transfer(Flower102,1.0)","train(mbnetv2,Flower102)->distill()",Flower102,l2,HardSAC,RandomSubsample10,train,50
0.4656178653240204,0.00007394002750515938,"pretrain(mbnetv2,imagenet-1k)->transfer(Flower102,1.0)","train(resnet18,Flower102)",Flower102,l2,HardSAC,RandomSubsample10,train,50
0.4749736785888672,0.00007572909817099571,"pretrain(mbnetv2,imagenet-1k)->transfer(Flower102,1.0)","train(resnet18,Flower102)->prune(0.2)",Flower102,l2,HardSAC,RandomSubsample10,train,50
0.4749736785888672,0.00007459893822669983,"pretrain(mbnetv2,imagenet-1k)->transfer(Flower102,1.0)","train(resnet18,Flower102)->prune(0.5)",Flower102,l2,HardSAC,RandomSubsample10,train,50
0.47159305214881897,0.00007433793507516384,"pretrain(mbnetv2,imagenet-1k)->transfer(Flower102,1.0)","train(resnet18,Flower102)->prune(0.8)",Flower102,l2,HardSAC,RandomSubsample10,train,50
0.4472135901451111,0.00007443898357450962,"pretrain(mbnetv2,imagenet-1k)->transfer(Flower102,1.0)","train(resnet18,Flower102)->steal(mbnetv2)",Flower102,l2,HardSAC,RandomSubsample10,train,50
0.4673328697681427,0.00007612910121679306,"pretrain(mbnetv2,imagenet-1k)->transfer(Flower102,1.0)","train(resnet18,Flower102)->steal(resnet18)",Flower102,l2,HardSAC,RandomSubsample10,train,50
0.43908995389938354,0.00007475190795958042,"pretrain(mbnetv2,imagenet-1k)->transfer(Flower102,1.0)","train(resnet18,Flower102)->distill()",Flower102,l2,HardSAC,RandomSubsample10,train,50
0.3773592412471771,0.0001499850768595934,"pretrain(resnet18,imagenet-1k)->transfer(Flower102,0.1)","pretrain(mbnetv2,imagenet-1k)->transfer(Flower102,0.1)",Flower102,l2,HardSAC,RandomSubsample10,train,50
0.34525352716445923,0.00009827199392020702,"pretrain(resnet18,imagenet-1k)->transfer(Flower102,0.1)","pretrain(mbnetv2,imagenet-1k)->transfer(Flower102,0.1)->prune(0.2)",Flower102,l2,HardSAC,RandomSubsample10,train,50
0.34292855858802795,0.00007740105502307415,"pretrain(resnet18,imagenet-1k)->transfer(Flower102,0.1)","pretrain(mbnetv2,imagenet-1k)->transfer(Flower102,0.1)->prune(0.5)",Flower102,l2,HardSAC,RandomSubsample10,train,50
0.35552775859832764,0.00007744599133729935,"pretrain(resnet18,imagenet-1k)->transfer(Flower102,0.1)","pretrain(mbnetv2,imagenet-1k)->transfer(Flower102,0.1)->prune(0.8)",Flower102,l2,HardSAC,RandomSubsample10,train,50
0.3773592412471771,0.00007547507993876934,"pretrain(resnet18,imagenet-1k)->transfer(Flower102,0.1)","pretrain(mbnetv2,imagenet-1k)->transfer(Flower102,0.1)->quantize(float16)",Flower102,l2,HardSAC,RandomSubsample10,train,50
0.3773592412471771,0.00007584411650896072,"pretrain(resnet18,imagenet-1k)->transfer(Flower102,0.1)","pretrain(mbnetv2,imagenet-1k)->transfer(Flower102,0.1)->quantize(qint8)",Flower102,l2,HardSAC,RandomSubsample10,train,50
0.34871190786361694,0.00007519288919866085,"pretrain(resnet18,imagenet-1k)->transfer(Flower102,0.1)","pretrain(mbnetv2,imagenet-1k)->transfer(Flower102,0.1)->steal(mbnetv2)",Flower102,l2,HardSAC,RandomSubsample10,train,50
0.36769551038742065,0.00007465807721018791,"pretrain(resnet18,imagenet-1k)->transfer(Flower102,0.1)","pretrain(mbnetv2,imagenet-1k)->transfer(Flower102,0.1)->steal(resnet18)",Flower102,l2,HardSAC,RandomSubsample10,train,50
0.3611094057559967,0.00007463200017809868,"pretrain(resnet18,imagenet-1k)->transfer(Flower102,0.1)","pretrain(mbnetv2,imagenet-1k)->transfer(Flower102,0.1)->distill()",Flower102,l2,HardSAC,RandomSubsample10,train,50
0.33346664905548096,0.00007523293606936932,"pretrain(resnet18,imagenet-1k)->transfer(Flower102,0.1)","pretrain(mbnetv2,imagenet-1k)->transfer(Flower102,0.5)",Flower102,l2,HardSAC,RandomSubsample10,train,50
0.3440930247306824,0.00007484178058803082,"pretrain(resnet18,imagenet-1k)->transfer(Flower102,0.1)","pretrain(mbnetv2,imagenet-1k)->transfer(Flower102,0.5)->prune(0.2)",Flower102,l2,HardSAC,RandomSubsample10,train,50
0.32619011402130127,0.00008261087350547314,"pretrain(resnet18,imagenet-1k)->transfer(Flower102,0.1)","pretrain(mbnetv2,imagenet-1k)->transfer(Flower102,0.5)->prune(0.5)",Flower102,l2,HardSAC,RandomSubsample10,train,50
0.33941125869750977,0.00007613305933773518,"pretrain(resnet18,imagenet-1k)->transfer(Flower102,0.1)","pretrain(mbnetv2,imagenet-1k)->transfer(Flower102,0.5)->prune(0.8)",Flower102,l2,HardSAC,RandomSubsample10,train,50
0.33346664905548096,0.0000744890421628952,"pretrain(resnet18,imagenet-1k)->transfer(Flower102,0.1)","pretrain(mbnetv2,imagenet-1k)->transfer(Flower102,0.5)->quantize(float16)",Flower102,l2,HardSAC,RandomSubsample10,train,50
0.33346664905548096,0.00007528020069003105,"pretrain(resnet18,imagenet-1k)->transfer(Flower102,0.1)","pretrain(mbnetv2,imagenet-1k)->transfer(Flower102,0.5)->quantize(qint8)",Flower102,l2,HardSAC,RandomSubsample10,train,50
0.3577708899974823,0.00007508206181228161,"pretrain(resnet18,imagenet-1k)->transfer(Flower102,0.1)","pretrain(mbnetv2,imagenet-1k)->transfer(Flower102,0.5)->steal(mbnetv2)",Flower102,l2,HardSAC,RandomSubsample10,train,50
0.39293766021728516,0.00007578381337225437,"pretrain(resnet18,imagenet-1k)->transfer(Flower102,0.1)","pretrain(mbnetv2,imagenet-1k)->transfer(Flower102,0.5)->steal(resnet18)",Flower102,l2,HardSAC,RandomSubsample10,train,50
0.338230699300766,0.00007392908446490765,"pretrain(resnet18,imagenet-1k)->transfer(Flower102,0.1)","pretrain(mbnetv2,imagenet-1k)->transfer(Flower102,0.5)->distill()",Flower102,l2,HardSAC,RandomSubsample10,train,50
0.36660605669021606,0.00007462594658136368,"pretrain(resnet18,imagenet-1k)->transfer(Flower102,0.1)","pretrain(mbnetv2,imagenet-1k)->transfer(Flower102,1.0)",Flower102,l2,HardSAC,RandomSubsample10,train,50
0.34292855858802795,0.00007390789687633514,"pretrain(resnet18,imagenet-1k)->transfer(Flower102,0.1)","pretrain(mbnetv2,imagenet-1k)->transfer(Flower102,1.0)->prune(0.2)",Flower102,l2,HardSAC,RandomSubsample10,train,50
0.3633180558681488,0.00007445691153407097,"pretrain(resnet18,imagenet-1k)->transfer(Flower102,0.1)","pretrain(mbnetv2,imagenet-1k)->transfer(Flower102,1.0)->prune(0.5)",Flower102,l2,HardSAC,RandomSubsample10,train,50
0.32124757766723633,0.00007531698793172836,"pretrain(resnet18,imagenet-1k)->transfer(Flower102,0.1)","pretrain(mbnetv2,imagenet-1k)->transfer(Flower102,1.0)->prune(0.8)",Flower102,l2,HardSAC,RandomSubsample10,train,50
0.36660605669021606,0.00007552490569651127,"pretrain(resnet18,imagenet-1k)->transfer(Flower102,0.1)","pretrain(mbnetv2,imagenet-1k)->transfer(Flower102,1.0)->quantize(float16)",Flower102,l2,HardSAC,RandomSubsample10,train,50
0.36660605669021606,0.000074450159445405,"pretrain(resnet18,imagenet-1k)->transfer(Flower102,0.1)","pretrain(mbnetv2,imagenet-1k)->transfer(Flower102,1.0)->quantize(qint8)",Flower102,l2,HardSAC,RandomSubsample10,train,50
0.33941125869750977,0.00007991306483745575,"pretrain(resnet18,imagenet-1k)->transfer(Flower102,0.1)","pretrain(mbnetv2,imagenet-1k)->transfer(Flower102,1.0)->steal(mbnetv2)",Flower102,l2,HardSAC,RandomSubsample10,train,50
0.35099858045578003,0.00007496913895010948,"pretrain(resnet18,imagenet-1k)->transfer(Flower102,0.1)","pretrain(mbnetv2,imagenet-1k)->transfer(Flower102,1.0)->steal(resnet18)",Flower102,l2,HardSAC,RandomSubsample10,train,50
0.3322649598121643,0.00007511302828788757,"pretrain(resnet18,imagenet-1k)->transfer(Flower102,0.1)","pretrain(mbnetv2,imagenet-1k)->transfer(Flower102,1.0)->distill()",Flower102,l2,HardSAC,RandomSubsample10,train,50
0.0,0.00007532094605267048,"pretrain(resnet18,imagenet-1k)->transfer(Flower102,0.1)","pretrain(resnet18,imagenet-1k)->transfer(Flower102,0.1)",Flower102,l2,HardSAC,RandomSubsample10,train,50
0.2592296302318573,0.00007469090633094311,"pretrain(resnet18,imagenet-1k)->transfer(Flower102,0.1)","pretrain(resnet18,imagenet-1k)->transfer(Flower102,0.1)->prune(0.2)",Flower102,l2,HardSAC,RandomSubsample10,train,50
0.27129319310188293,0.00007575401104986668,"pretrain(resnet18,imagenet-1k)->transfer(Flower102,0.1)","pretrain(resnet18,imagenet-1k)->transfer(Flower102,0.1)->prune(0.5)",Flower102,l2,HardSAC,RandomSubsample10,train,50
0.35099858045578003,0.00007447600364685059,"pretrain(resnet18,imagenet-1k)->transfer(Flower102,0.1)","pretrain(resnet18,imagenet-1k)->transfer(Flower102,0.1)->prune(0.8)",Flower102,l2,HardSAC,RandomSubsample10,train,50
0.0,0.00008178921416401863,"pretrain(resnet18,imagenet-1k)->transfer(Flower102,0.1)","pretrain(resnet18,imagenet-1k)->transfer(Flower102,0.1)->quantize(float16)",Flower102,l2,HardSAC,RandomSubsample10,train,50
0.0,0.00007499102503061295,"pretrain(resnet18,imagenet-1k)->transfer(Flower102,0.1)","pretrain(resnet18,imagenet-1k)->transfer(Flower102,0.1)->quantize(qint8)",Flower102,l2,HardSAC,RandomSubsample10,train,50
0.3521363437175751,0.0000745460856705904,"pretrain(resnet18,imagenet-1k)->transfer(Flower102,0.1)","pretrain(resnet18,imagenet-1k)->transfer(Flower102,0.1)->steal(mbnetv2)",Flower102,l2,HardSAC,RandomSubsample10,train,50
0.3784177601337433,0.00007476191967725754,"pretrain(resnet18,imagenet-1k)->transfer(Flower102,0.1)","pretrain(resnet18,imagenet-1k)->transfer(Flower102,0.1)->steal(resnet18)",Flower102,l2,HardSAC,RandomSubsample10,train,50
0.3149603307247162,0.00007546390406787395,"pretrain(resnet18,imagenet-1k)->transfer(Flower102,0.1)","pretrain(resnet18,imagenet-1k)->transfer(Flower102,0.1)->distill()",Flower102,l2,HardSAC,RandomSubsample10,train,50
0.2939387857913971,0.00007407716475427151,"pretrain(resnet18,imagenet-1k)->transfer(Flower102,0.1)","pretrain(resnet18,imagenet-1k)->transfer(Flower102,0.5)",Flower102,l2,HardSAC,RandomSubsample10,train,50
0.3136877417564392,0.00007390696555376053,"pretrain(resnet18,imagenet-1k)->transfer(Flower102,0.1)","pretrain(resnet18,imagenet-1k)->transfer(Flower102,0.5)->prune(0.2)",Flower102,l2,HardSAC,RandomSubsample10,train,50
0.32249030470848083,0.00007474096491932869,"pretrain(resnet18,imagenet-1k)->transfer(Flower102,0.1)","pretrain(resnet18,imagenet-1k)->transfer(Flower102,0.5)->prune(0.5)",Flower102,l2,HardSAC,RandomSubsample10,train,50
0.3577708899974823,0.0000752168707549572,"pretrain(resnet18,imagenet-1k)->transfer(Flower102,0.1)","pretrain(resnet18,imagenet-1k)->transfer(Flower102,0.5)->prune(0.8)",Flower102,l2,HardSAC,RandomSubsample10,train,50
0.3098386824131012,0.00008007418364286423,"pretrain(resnet18,imagenet-1k)->transfer(Flower102,0.1)","pretrain(resnet18,imagenet-1k)->transfer(Flower102,0.5)->quantize(float16)",Flower102,l2,HardSAC,RandomSubsample10,train,50
0.3098386824131012,0.00007435795851051807,"pretrain(resnet18,imagenet-1k)->transfer(Flower102,0.1)","pretrain(resnet18,imagenet-1k)->transfer(Flower102,0.5)->quantize(qint8)",Flower102,l2,HardSAC,RandomSubsample10,train,50
0.3440930247306824,0.00007411697879433632,"pretrain(resnet18,imagenet-1k)->transfer(Flower102,0.1)","pretrain(resnet18,imagenet-1k)->transfer(Flower102,0.5)->steal(mbnetv2)",Flower102,l2,HardSAC,RandomSubsample10,train,50
0.36441734433174133,0.00007506692782044411,"pretrain(resnet18,imagenet-1k)->transfer(Flower102,0.1)","pretrain(resnet18,imagenet-1k)->transfer(Flower102,0.5)->steal(resnet18)",Flower102,l2,HardSAC,RandomSubsample10,train,50
0.3358571231365204,0.00007517612539231777,"pretrain(resnet18,imagenet-1k)->transfer(Flower102,0.1)","pretrain(resnet18,imagenet-1k)->transfer(Flower102,0.5)->distill()",Flower102,l2,HardSAC,RandomSubsample10,train,50
0.3149603307247162,0.00007465295493602753,"pretrain(resnet18,imagenet-1k)->transfer(Flower102,0.1)","pretrain(resnet18,imagenet-1k)->transfer(Flower102,1.0)",Flower102,l2,HardSAC,RandomSubsample10,train,50
0.32863354682922363,0.00007469090633094311,"pretrain(resnet18,imagenet-1k)->transfer(Flower102,0.1)","pretrain(resnet18,imagenet-1k)->transfer(Flower102,1.0)->prune(0.2)",Flower102,l2,HardSAC,RandomSubsample10,train,50
0.3162277638912201,0.00007443409413099289,"pretrain(resnet18,imagenet-1k)->transfer(Flower102,0.1)","pretrain(resnet18,imagenet-1k)->transfer(Flower102,1.0)->prune(0.5)",Flower102,l2,HardSAC,RandomSubsample10,train,50
0.32984843850135803,0.0000746329315006733,"pretrain(resnet18,imagenet-1k)->transfer(Flower102,0.1)","pretrain(resnet18,imagenet-1k)->transfer(Flower102,1.0)->prune(0.8)",Flower102,l2,HardSAC,RandomSubsample10,train,50
0.3111269772052765,0.0000795009545981884,"pretrain(resnet18,imagenet-1k)->transfer(Flower102,0.1)","pretrain(resnet18,imagenet-1k)->transfer(Flower102,1.0)->quantize(float16)",Flower102,l2,HardSAC,RandomSubsample10,train,50
0.32124757766723633,0.00007412792183458805,"pretrain(resnet18,imagenet-1k)->transfer(Flower102,0.1)","pretrain(resnet18,imagenet-1k)->transfer(Flower102,1.0)->quantize(qint8)",Flower102,l2,HardSAC,RandomSubsample10,train,50
0.37309515476226807,0.00007392000406980515,"pretrain(resnet18,imagenet-1k)->transfer(Flower102,0.1)","pretrain(resnet18,imagenet-1k)->transfer(Flower102,1.0)->steal(mbnetv2)",Flower102,l2,HardSAC,RandomSubsample10,train,50
0.35552775859832764,0.000074808020144701,"pretrain(resnet18,imagenet-1k)->transfer(Flower102,0.1)","pretrain(resnet18,imagenet-1k)->transfer(Flower102,1.0)->steal(resnet18)",Flower102,l2,HardSAC,RandomSubsample10,train,50
0.3498571217060089,0.00007510907016694546,"pretrain(resnet18,imagenet-1k)->transfer(Flower102,0.1)","pretrain(resnet18,imagenet-1k)->transfer(Flower102,1.0)->distill()",Flower102,l2,HardSAC,RandomSubsample10,train,50
0.36551332473754883,0.00007526017725467682,"pretrain(resnet18,imagenet-1k)->transfer(Flower102,0.1)","train(mbnetv2,Flower102)",Flower102,l2,HardSAC,RandomSubsample10,train,50
0.3698648512363434,0.0000744350254535675,"pretrain(resnet18,imagenet-1k)->transfer(Flower102,0.1)","train(mbnetv2,Flower102)->prune(0.2)",Flower102,l2,HardSAC,RandomSubsample10,train,50
0.36000001430511475,0.00007386296056210995,"pretrain(resnet18,imagenet-1k)->transfer(Flower102,0.1)","train(mbnetv2,Flower102)->prune(0.5)",Flower102,l2,HardSAC,RandomSubsample10,train,50
0.3498571217060089,0.00007495586760342121,"pretrain(resnet18,imagenet-1k)->transfer(Flower102,0.1)","train(mbnetv2,Flower102)->prune(0.8)",Flower102,l2,HardSAC,RandomSubsample10,train,50
0.3577708899974823,0.00007543293759226799,"pretrain(resnet18,imagenet-1k)->transfer(Flower102,0.1)","train(mbnetv2,Flower102)->steal(mbnetv2)",Flower102,l2,HardSAC,RandomSubsample10,train,50
0.3794732987880707,0.00007444201037287712,"pretrain(resnet18,imagenet-1k)->transfer(Flower102,0.1)","train(mbnetv2,Flower102)->steal(resnet18)",Flower102,l2,HardSAC,RandomSubsample10,train,50
0.36769551038742065,0.00007439102046191692,"pretrain(resnet18,imagenet-1k)->transfer(Flower102,0.1)","train(mbnetv2,Flower102)->distill()",Flower102,l2,HardSAC,RandomSubsample10,train,50
0.3709447383880615,0.00007484410889446735,"pretrain(resnet18,imagenet-1k)->transfer(Flower102,0.1)","train(resnet18,Flower102)",Flower102,l2,HardSAC,RandomSubsample10,train,50
0.33941125869750977,0.00007675006054341793,"pretrain(resnet18,imagenet-1k)->transfer(Flower102,0.1)","train(resnet18,Flower102)->prune(0.2)",Flower102,l2,HardSAC,RandomSubsample10,train,50
0.34525352716445923,0.00007645017467439175,"pretrain(resnet18,imagenet-1k)->transfer(Flower102,0.1)","train(resnet18,Flower102)->prune(0.5)",Flower102,l2,HardSAC,RandomSubsample10,train,50
0.32863354682922363,0.00007568602450191975,"pretrain(resnet18,imagenet-1k)->transfer(Flower102,0.1)","train(resnet18,Flower102)->prune(0.8)",Flower102,l2,HardSAC,RandomSubsample10,train,50
0.3709447383880615,0.00007551792077720165,"pretrain(resnet18,imagenet-1k)->transfer(Flower102,0.1)","train(resnet18,Flower102)->steal(mbnetv2)",Flower102,l2,HardSAC,RandomSubsample10,train,50
0.3752332627773285,0.00007537310011684895,"pretrain(resnet18,imagenet-1k)->transfer(Flower102,0.1)","train(resnet18,Flower102)->steal(resnet18)",Flower102,l2,HardSAC,RandomSubsample10,train,50
0.3498571217060089,0.00007491093128919601,"pretrain(resnet18,imagenet-1k)->transfer(Flower102,0.1)","train(resnet18,Flower102)->distill()",Flower102,l2,HardSAC,RandomSubsample10,train,50
0.28982752561569214,0.0001480958890169859,"pretrain(resnet18,imagenet-1k)->transfer(Flower102,0.5)","pretrain(mbnetv2,imagenet-1k)->transfer(Flower102,0.1)",Flower102,l2,HardSAC,RandomSubsample10,train,50
0.2529822289943695,0.00009849900379776955,"pretrain(resnet18,imagenet-1k)->transfer(Flower102,0.5)","pretrain(mbnetv2,imagenet-1k)->transfer(Flower102,0.1)->prune(0.2)",Flower102,l2,HardSAC,RandomSubsample10,train,50
0.2513960897922516,0.00007718894630670547,"pretrain(resnet18,imagenet-1k)->transfer(Flower102,0.5)","pretrain(mbnetv2,imagenet-1k)->transfer(Flower102,0.1)->prune(0.5)",Flower102,l2,HardSAC,RandomSubsample10,train,50
0.3162277638912201,0.00007624505087733269,"pretrain(resnet18,imagenet-1k)->transfer(Flower102,0.5)","pretrain(mbnetv2,imagenet-1k)->transfer(Flower102,0.1)->prune(0.8)",Flower102,l2,HardSAC,RandomSubsample10,train,50
0.28982752561569214,0.00007600500248372555,"pretrain(resnet18,imagenet-1k)->transfer(Flower102,0.5)","pretrain(mbnetv2,imagenet-1k)->transfer(Flower102,0.1)->quantize(float16)",Flower102,l2,HardSAC,RandomSubsample10,train,50
0.28982752561569214,0.00007639802061021328,"pretrain(resnet18,imagenet-1k)->transfer(Flower102,0.5)","pretrain(mbnetv2,imagenet-1k)->transfer(Flower102,0.1)->quantize(qint8)",Flower102,l2,HardSAC,RandomSubsample10,train,50
0.24819347262382507,0.00007541617378592491,"pretrain(resnet18,imagenet-1k)->transfer(Flower102,0.5)","pretrain(mbnetv2,imagenet-1k)->transfer(Flower102,0.1)->steal(mbnetv2)",Flower102,l2,HardSAC,RandomSubsample10,train,50
0.17663522064685822,0.000083504943177104,"pretrain(resnet18,imagenet-1k)->transfer(Flower102,0.5)","pretrain(mbnetv2,imagenet-1k)->transfer(Flower102,0.1)->steal(resnet18)",Flower102,l2,HardSAC,RandomSubsample10,train,50
0.23664319515228271,0.00007495703175663948,"pretrain(resnet18,imagenet-1k)->transfer(Flower102,0.5)","pretrain(mbnetv2,imagenet-1k)->transfer(Flower102,0.1)->distill()",Flower102,l2,HardSAC,RandomSubsample10,train,50
0.22978250682353973,0.0000746001023799181,"pretrain(resnet18,imagenet-1k)->transfer(Flower102,0.5)","pretrain(mbnetv2,imagenet-1k)->transfer(Flower102,0.5)",Flower102,l2,HardSAC,RandomSubsample10,train,50
0.19798989593982697,0.00007566600106656551,"pretrain(resnet18,imagenet-1k)->transfer(Flower102,0.5)","pretrain(mbnetv2,imagenet-1k)->transfer(Flower102,0.5)->prune(0.2)",Flower102,l2,HardSAC,RandomSubsample10,train,50
0.22978250682353973,0.00007540499791502953,"pretrain(resnet18,imagenet-1k)->transfer(Flower102,0.5)","pretrain(mbnetv2,imagenet-1k)->transfer(Flower102,0.5)->prune(0.5)",Flower102,l2,HardSAC,RandomSubsample10,train,50
0.3274140954017639,0.000075184041634202,"pretrain(resnet18,imagenet-1k)->transfer(Flower102,0.5)","pretrain(mbnetv2,imagenet-1k)->transfer(Flower102,0.5)->prune(0.8)",Flower102,l2,HardSAC,RandomSubsample10,train,50
0.22978250682353973,0.00007472117431461811,"pretrain(resnet18,imagenet-1k)->transfer(Flower102,0.5)","pretrain(mbnetv2,imagenet-1k)->transfer(Flower102,0.5)->quantize(float16)",Flower102,l2,HardSAC,RandomSubsample10,train,50
0.22978250682353973,0.00007516192272305489,"pretrain(resnet18,imagenet-1k)->transfer(Flower102,0.5)","pretrain(mbnetv2,imagenet-1k)->transfer(Flower102,0.5)->quantize(qint8)",Flower102,l2,HardSAC,RandomSubsample10,train,50
0.26981475949287415,0.0000749458558857441,"pretrain(resnet18,imagenet-1k)->transfer(Flower102,0.5)","pretrain(mbnetv2,imagenet-1k)->transfer(Flower102,0.5)->steal(mbnetv2)",Flower102,l2,HardSAC,RandomSubsample10,train,50
0.26229754090309143,0.0000749130267649889,"pretrain(resnet18,imagenet-1k)->transfer(Flower102,0.5)","pretrain(mbnetv2,imagenet-1k)->transfer(Flower102,0.5)->steal(resnet18)",Flower102,l2,HardSAC,RandomSubsample10,train,50
0.27422618865966797,0.00007403688505291939,"pretrain(resnet18,imagenet-1k)->transfer(Flower102,0.5)","pretrain(mbnetv2,imagenet-1k)->transfer(Flower102,0.5)->distill()",Flower102,l2,HardSAC,RandomSubsample10,train,50
0.20976176857948303,0.00007583899423480034,"pretrain(resnet18,imagenet-1k)->transfer(Flower102,0.5)","pretrain(mbnetv2,imagenet-1k)->transfer(Flower102,1.0)",Flower102,l2,HardSAC,RandomSubsample10,train,50
0.1918332576751709,0.00007505016401410103,"pretrain(resnet18,imagenet-1k)->transfer(Flower102,0.5)","pretrain(mbnetv2,imagenet-1k)->transfer(Flower102,1.0)->prune(0.2)",Flower102,l2,HardSAC,RandomSubsample10,train,50
0.2280350923538208,0.00007460592314600945,"pretrain(resnet18,imagenet-1k)->transfer(Flower102,0.5)","pretrain(mbnetv2,imagenet-1k)->transfer(Flower102,1.0)->prune(0.5)",Flower102,l2,HardSAC,RandomSubsample10,train,50
0.29257479310035706,0.00007431488484144211,"pretrain(resnet18,imagenet-1k)->transfer(Flower102,0.5)","pretrain(mbnetv2,imagenet-1k)->transfer(Flower102,1.0)->prune(0.8)",Flower102,l2,HardSAC,RandomSubsample10,train,50
0.20976176857948303,0.00007401499897241592,"pretrain(resnet18,imagenet-1k)->transfer(Flower102,0.5)","pretrain(mbnetv2,imagenet-1k)->transfer(Flower102,1.0)->quantize(float16)",Flower102,l2,HardSAC,RandomSubsample10,train,50
0.20976176857948303,0.00007506296969950199,"pretrain(resnet18,imagenet-1k)->transfer(Flower102,0.5)","pretrain(mbnetv2,imagenet-1k)->transfer(Flower102,1.0)->quantize(qint8)",Flower102,l2,HardSAC,RandomSubsample10,train,50
0.19390718638896942,0.00007418403401970863,"pretrain(resnet18,imagenet-1k)->transfer(Flower102,0.5)","pretrain(mbnetv2,imagenet-1k)->transfer(Flower102,1.0)->steal(mbnetv2)",Flower102,l2,HardSAC,RandomSubsample10,train,50
0.2280350923538208,0.00007562711834907532,"pretrain(resnet18,imagenet-1k)->transfer(Flower102,0.5)","pretrain(mbnetv2,imagenet-1k)->transfer(Flower102,1.0)->steal(resnet18)",Flower102,l2,HardSAC,RandomSubsample10,train,50
0.24331049621105194,0.00007456098683178425,"pretrain(resnet18,imagenet-1k)->transfer(Flower102,0.5)","pretrain(mbnetv2,imagenet-1k)->transfer(Flower102,1.0)->distill()",Flower102,l2,HardSAC,RandomSubsample10,train,50
0.3199999928474426,0.00007533608004450798,"pretrain(resnet18,imagenet-1k)->transfer(Flower102,0.5)","pretrain(resnet18,imagenet-1k)->transfer(Flower102,0.1)",Flower102,l2,HardSAC,RandomSubsample10,train,50
0.24331049621105194,0.00007525505498051643,"pretrain(resnet18,imagenet-1k)->transfer(Flower102,0.5)","pretrain(resnet18,imagenet-1k)->transfer(Flower102,0.1)->prune(0.2)",Flower102,l2,HardSAC,RandomSubsample10,train,50
0.2280350923538208,0.00007494399324059486,"pretrain(resnet18,imagenet-1k)->transfer(Flower102,0.5)","pretrain(resnet18,imagenet-1k)->transfer(Flower102,0.1)->prune(0.5)",Flower102,l2,HardSAC,RandomSubsample10,train,50
0.277128130197525,0.00007422012276947498,"pretrain(resnet18,imagenet-1k)->transfer(Flower102,0.5)","pretrain(resnet18,imagenet-1k)->transfer(Flower102,0.1)->prune(0.8)",Flower102,l2,HardSAC,RandomSubsample10,train,50
0.3199999928474426,0.00007456704042851925,"pretrain(resnet18,imagenet-1k)->transfer(Flower102,0.5)","pretrain(resnet18,imagenet-1k)->transfer(Flower102,0.1)->quantize(float16)",Flower102,l2,HardSAC,RandomSubsample10,train,50
0.3199999928474426,0.00007559196092188358,"pretrain(resnet18,imagenet-1k)->transfer(Flower102,0.5)","pretrain(resnet18,imagenet-1k)->transfer(Flower102,0.1)->quantize(qint8)",Flower102,l2,HardSAC,RandomSubsample10,train,50
0.21908903121948242,0.0000752981286495924,"pretrain(resnet18,imagenet-1k)->transfer(Flower102,0.5)","pretrain(resnet18,imagenet-1k)->transfer(Flower102,0.1)->steal(mbnetv2)",Flower102,l2,HardSAC,RandomSubsample10,train,50
0.22090721130371094,0.00007547088898718357,"pretrain(resnet18,imagenet-1k)->transfer(Flower102,0.5)","pretrain(resnet18,imagenet-1k)->transfer(Flower102,0.1)->steal(resnet18)",Flower102,l2,HardSAC,RandomSubsample10,train,50
0.2529822289943695,0.0000745339784771204,"pretrain(resnet18,imagenet-1k)->transfer(Flower102,0.5)","pretrain(resnet18,imagenet-1k)->transfer(Flower102,0.1)->distill()",Flower102,l2,HardSAC,RandomSubsample10,train,50
0.0,0.0000754969660192728,"pretrain(resnet18,imagenet-1k)->transfer(Flower102,0.5)","pretrain(resnet18,imagenet-1k)->transfer(Flower102,0.5)",Flower102,l2,HardSAC,RandomSubsample10,train,50
0.13564659655094147,0.00007520406506955624,"pretrain(resnet18,imagenet-1k)->transfer(Flower102,0.5)","pretrain(resnet18,imagenet-1k)->transfer(Flower102,0.5)->prune(0.2)",Flower102,l2,HardSAC,RandomSubsample10,train,50
0.15231546759605408,0.0000792450737208128,"pretrain(resnet18,imagenet-1k)->transfer(Flower102,0.5)","pretrain(resnet18,imagenet-1k)->transfer(Flower102,0.5)->prune(0.5)",Flower102,l2,HardSAC,RandomSubsample10,train,50
0.2513960897922516,0.0000738238450139761,"pretrain(resnet18,imagenet-1k)->transfer(Flower102,0.5)","pretrain(resnet18,imagenet-1k)->transfer(Flower102,0.5)->prune(0.8)",Flower102,l2,HardSAC,RandomSubsample10,train,50
0.1918332576751709,0.00007483689114451408,"pretrain(resnet18,imagenet-1k)->transfer(Flower102,0.5)","pretrain(resnet18,imagenet-1k)->transfer(Flower102,0.5)->quantize(float16)",Flower102,l2,HardSAC,RandomSubsample10,train,50
0.1918332576751709,0.00007491512224078178,"pretrain(resnet18,imagenet-1k)->transfer(Flower102,0.5)","pretrain(resnet18,imagenet-1k)->transfer(Flower102,0.5)->quantize(qint8)",Flower102,l2,HardSAC,RandomSubsample10,train,50
0.21166010200977325,0.00007510790601372719,"pretrain(resnet18,imagenet-1k)->transfer(Flower102,0.5)","pretrain(resnet18,imagenet-1k)->transfer(Flower102,0.5)->steal(mbnetv2)",Flower102,l2,HardSAC,RandomSubsample10,train,50
0.17435595393180847,0.00007506902329623699,"pretrain(resnet18,imagenet-1k)->transfer(Flower102,0.5)","pretrain(resnet18,imagenet-1k)->transfer(Flower102,0.5)->steal(resnet18)",Flower102,l2,HardSAC,RandomSubsample10,train,50
0.24331049621105194,0.00007400708273053169,"pretrain(resnet18,imagenet-1k)->transfer(Flower102,0.5)","pretrain(resnet18,imagenet-1k)->transfer(Flower102,0.5)->distill()",Flower102,l2,HardSAC,RandomSubsample10,train,50
0.24494896829128265,0.00007462804205715656,"pretrain(resnet18,imagenet-1k)->transfer(Flower102,0.5)","pretrain(resnet18,imagenet-1k)->transfer(Flower102,1.0)",Flower102,l2,HardSAC,RandomSubsample10,train,50
0.20396077632904053,0.00007511000148952007,"pretrain(resnet18,imagenet-1k)->transfer(Flower102,0.5)","pretrain(resnet18,imagenet-1k)->transfer(Flower102,1.0)->prune(0.2)",Flower102,l2,HardSAC,RandomSubsample10,train,50
0.22271057963371277,0.00007493700832128525,"pretrain(resnet18,imagenet-1k)->transfer(Flower102,0.5)","pretrain(resnet18,imagenet-1k)->transfer(Flower102,1.0)->prune(0.5)",Flower102,l2,HardSAC,RandomSubsample10,train,50
0.2513960897922516,0.00007423199713230133,"pretrain(resnet18,imagenet-1k)->transfer(Flower102,0.5)","pretrain(resnet18,imagenet-1k)->transfer(Flower102,1.0)->prune(0.8)",Flower102,l2,HardSAC,RandomSubsample10,train,50
0.19390718638896942,0.00007504108361899853,"pretrain(resnet18,imagenet-1k)->transfer(Flower102,0.5)","pretrain(resnet18,imagenet-1k)->transfer(Flower102,1.0)->quantize(float16)",Flower102,l2,HardSAC,RandomSubsample10,train,50
0.19390718638896942,0.00007511512376368046,"pretrain(resnet18,imagenet-1k)->transfer(Flower102,0.5)","pretrain(resnet18,imagenet-1k)->transfer(Flower102,1.0)->quantize(qint8)",Flower102,l2,HardSAC,RandomSubsample10,train,50
0.24494896829128265,0.00007542991079390049,"pretrain(resnet18,imagenet-1k)->transfer(Flower102,0.5)","pretrain(resnet18,imagenet-1k)->transfer(Flower102,1.0)->steal(mbnetv2)",Flower102,l2,HardSAC,RandomSubsample10,train,50
0.19798989593982697,0.00007492396980524063,"pretrain(resnet18,imagenet-1k)->transfer(Flower102,0.5)","pretrain(resnet18,imagenet-1k)->transfer(Flower102,1.0)->steal(resnet18)",Flower102,l2,HardSAC,RandomSubsample10,train,50
0.24331049621105194,0.00008508004248142242,"pretrain(resnet18,imagenet-1k)->transfer(Flower102,0.5)","pretrain(resnet18,imagenet-1k)->transfer(Flower102,1.0)->distill()",Flower102,l2,HardSAC,RandomSubsample10,train,50
0.3174901604652405,0.00008649611845612526,"pretrain(resnet18,imagenet-1k)->transfer(Flower102,0.5)","train(mbnetv2,Flower102)",Flower102,l2,HardSAC,RandomSubsample10,train,50
0.30854496359825134,0.00008311192505061626,"pretrain(resnet18,imagenet-1k)->transfer(Flower102,0.5)","train(mbnetv2,Flower102)->prune(0.2)",Flower102,l2,HardSAC,RandomSubsample10,train,50
0.2828426957130432,0.00007427600212395191,"pretrain(resnet18,imagenet-1k)->transfer(Flower102,0.5)","train(mbnetv2,Flower102)->prune(0.5)",Flower102,l2,HardSAC,RandomSubsample10,train,50
0.30463093519210815,0.00007463316433131695,"pretrain(resnet18,imagenet-1k)->transfer(Flower102,0.5)","train(mbnetv2,Flower102)->prune(0.8)",Flower102,l2,HardSAC,RandomSubsample10,train,50
0.3098386824131012,0.00007489207200706005,"pretrain(resnet18,imagenet-1k)->transfer(Flower102,0.5)","train(mbnetv2,Flower102)->steal(mbnetv2)",Flower102,l2,HardSAC,RandomSubsample10,train,50
0.29120439291000366,0.00007621082477271557,"pretrain(resnet18,imagenet-1k)->transfer(Flower102,0.5)","train(mbnetv2,Flower102)->steal(resnet18)",Flower102,l2,HardSAC,RandomSubsample10,train,50
0.3136877417564392,0.00007565692067146301,"pretrain(resnet18,imagenet-1k)->transfer(Flower102,0.5)","train(mbnetv2,Flower102)->distill()",Flower102,l2,HardSAC,RandomSubsample10,train,50
0.28982752561569214,0.00007417402230203152,"pretrain(resnet18,imagenet-1k)->transfer(Flower102,0.5)","train(resnet18,Flower102)",Flower102,l2,HardSAC,RandomSubsample10,train,50
0.2576819658279419,0.00007503503002226353,"pretrain(resnet18,imagenet-1k)->transfer(Flower102,0.5)","train(resnet18,Flower102)->prune(0.2)",Flower102,l2,HardSAC,RandomSubsample10,train,50
0.26683327555656433,0.00007450603879988194,"pretrain(resnet18,imagenet-1k)->transfer(Flower102,0.5)","train(resnet18,Flower102)->prune(0.5)",Flower102,l2,HardSAC,RandomSubsample10,train,50
0.2607681155204773,0.00007613911293447018,"pretrain(resnet18,imagenet-1k)->transfer(Flower102,0.5)","train(resnet18,Flower102)->prune(0.8)",Flower102,l2,HardSAC,RandomSubsample10,train,50
0.3249615430831909,0.00007428810931742191,"pretrain(resnet18,imagenet-1k)->transfer(Flower102,0.5)","train(resnet18,Flower102)->steal(mbnetv2)",Flower102,l2,HardSAC,RandomSubsample10,train,50
0.27422618865966797,0.0000744829885661602,"pretrain(resnet18,imagenet-1k)->transfer(Flower102,0.5)","train(resnet18,Flower102)->steal(resnet18)",Flower102,l2,HardSAC,RandomSubsample10,train,50
0.2529822289943695,0.00007600686512887478,"pretrain(resnet18,imagenet-1k)->transfer(Flower102,0.5)","train(resnet18,Flower102)->distill()",Flower102,l2,HardSAC,RandomSubsample10,train,50
0.32249030470848083,0.00014571496285498142,"pretrain(resnet18,imagenet-1k)->transfer(Flower102,1.0)","pretrain(mbnetv2,imagenet-1k)->transfer(Flower102,0.1)",Flower102,l2,HardSAC,RandomSubsample10,train,50
0.26683327555656433,0.00009651202708482742,"pretrain(resnet18,imagenet-1k)->transfer(Flower102,1.0)","pretrain(mbnetv2,imagenet-1k)->transfer(Flower102,0.1)->prune(0.2)",Flower102,l2,HardSAC,RandomSubsample10,train,50
0.28565713763237,0.0000792208593338728,"pretrain(resnet18,imagenet-1k)->transfer(Flower102,1.0)","pretrain(mbnetv2,imagenet-1k)->transfer(Flower102,0.1)->prune(0.5)",Flower102,l2,HardSAC,RandomSubsample10,train,50
0.3274140954017639,0.00007480895146727562,"pretrain(resnet18,imagenet-1k)->transfer(Flower102,1.0)","pretrain(mbnetv2,imagenet-1k)->transfer(Flower102,0.1)->prune(0.8)",Flower102,l2,HardSAC,RandomSubsample10,train,50
0.32249030470848083,0.00007455609738826752,"pretrain(resnet18,imagenet-1k)->transfer(Flower102,1.0)","pretrain(mbnetv2,imagenet-1k)->transfer(Flower102,0.1)->quantize(float16)",Flower102,l2,HardSAC,RandomSubsample10,train,50
0.32249030470848083,0.00007585389539599419,"pretrain(resnet18,imagenet-1k)->transfer(Flower102,1.0)","pretrain(mbnetv2,imagenet-1k)->transfer(Flower102,0.1)->quantize(qint8)",Flower102,l2,HardSAC,RandomSubsample10,train,50
0.2638181149959564,0.0000762429554015398,"pretrain(resnet18,imagenet-1k)->transfer(Flower102,1.0)","pretrain(mbnetv2,imagenet-1k)->transfer(Flower102,0.1)->steal(mbnetv2)",Flower102,l2,HardSAC,RandomSubsample10,train,50
0.28425338864326477,0.00007491093128919601,"pretrain(resnet18,imagenet-1k)->transfer(Flower102,1.0)","pretrain(mbnetv2,imagenet-1k)->transfer(Flower102,0.1)->steal(resnet18)",Flower102,l2,HardSAC,RandomSubsample10,train,50
0.2993325889110565,0.0000749579630792141,"pretrain(resnet18,imagenet-1k)->transfer(Flower102,1.0)","pretrain(mbnetv2,imagenet-1k)->transfer(Flower102,0.1)->distill()",Flower102,l2,HardSAC,RandomSubsample10,train,50
0.31874755024909973,0.0000748741440474987,"pretrain(resnet18,imagenet-1k)->transfer(Flower102,1.0)","pretrain(mbnetv2,imagenet-1k)->transfer(Flower102,0.5)",Flower102,l2,HardSAC,RandomSubsample10,train,50
0.29529646039009094,0.00008280319161713123,"pretrain(resnet18,imagenet-1k)->transfer(Flower102,1.0)","pretrain(mbnetv2,imagenet-1k)->transfer(Flower102,0.5)->prune(0.2)",Flower102,l2,HardSAC,RandomSubsample10,train,50
0.26981475949287415,0.00007511815056204796,"pretrain(resnet18,imagenet-1k)->transfer(Flower102,1.0)","pretrain(mbnetv2,imagenet-1k)->transfer(Flower102,0.5)->prune(0.5)",Flower102,l2,HardSAC,RandomSubsample10,train,50
0.27422618865966797,0.00007479498162865639,"pretrain(resnet18,imagenet-1k)->transfer(Flower102,1.0)","pretrain(mbnetv2,imagenet-1k)->transfer(Flower102,0.5)->prune(0.8)",Flower102,l2,HardSAC,RandomSubsample10,train,50
0.31874755024909973,0.00007405318319797516,"pretrain(resnet18,imagenet-1k)->transfer(Flower102,1.0)","pretrain(mbnetv2,imagenet-1k)->transfer(Flower102,0.5)->quantize(float16)",Flower102,l2,HardSAC,RandomSubsample10,train,50
0.31874755024909973,0.00007412000559270382,"pretrain(resnet18,imagenet-1k)->transfer(Flower102,1.0)","pretrain(mbnetv2,imagenet-1k)->transfer(Flower102,0.5)->quantize(qint8)",Flower102,l2,HardSAC,RandomSubsample10,train,50
0.2607681155204773,0.00007561501115560532,"pretrain(resnet18,imagenet-1k)->transfer(Flower102,1.0)","pretrain(mbnetv2,imagenet-1k)->transfer(Flower102,0.5)->steal(mbnetv2)",Flower102,l2,HardSAC,RandomSubsample10,train,50
0.30854496359825134,0.00007446622475981712,"pretrain(resnet18,imagenet-1k)->transfer(Flower102,1.0)","pretrain(mbnetv2,imagenet-1k)->transfer(Flower102,0.5)->steal(resnet18)",Flower102,l2,HardSAC,RandomSubsample10,train,50
0.26683327555656433,0.00007384386844933033,"pretrain(resnet18,imagenet-1k)->transfer(Flower102,1.0)","pretrain(mbnetv2,imagenet-1k)->transfer(Flower102,0.5)->distill()",Flower102,l2,HardSAC,RandomSubsample10,train,50
0.29529646039009094,0.00007330416701734066,"pretrain(resnet18,imagenet-1k)->transfer(Flower102,1.0)","pretrain(mbnetv2,imagenet-1k)->transfer(Flower102,1.0)",Flower102,l2,HardSAC,RandomSubsample10,train,50
0.28705400228500366,0.00008169305510818958,"pretrain(resnet18,imagenet-1k)->transfer(Flower102,1.0)","pretrain(mbnetv2,imagenet-1k)->transfer(Flower102,1.0)->prune(0.2)",Flower102,l2,HardSAC,RandomSubsample10,train,50
0.3136877417564392,0.00007476494647562504,"pretrain(resnet18,imagenet-1k)->transfer(Flower102,1.0)","pretrain(mbnetv2,imagenet-1k)->transfer(Flower102,1.0)->prune(0.5)",Flower102,l2,HardSAC,RandomSubsample10,train,50
0.3544009029865265,0.0000742150004953146,"pretrain(resnet18,imagenet-1k)->transfer(Flower102,1.0)","pretrain(mbnetv2,imagenet-1k)->transfer(Flower102,1.0)->prune(0.8)",Flower102,l2,HardSAC,RandomSubsample10,train,50
0.29529646039009094,0.00007456401363015175,"pretrain(resnet18,imagenet-1k)->transfer(Flower102,1.0)","pretrain(mbnetv2,imagenet-1k)->transfer(Flower102,1.0)->quantize(float16)",Flower102,l2,HardSAC,RandomSubsample10,train,50
0.29529646039009094,0.00007483107037842274,"pretrain(resnet18,imagenet-1k)->transfer(Flower102,1.0)","pretrain(mbnetv2,imagenet-1k)->transfer(Flower102,1.0)->quantize(qint8)",Flower102,l2,HardSAC,RandomSubsample10,train,50
0.2653299868106842,0.00007493398152291775,"pretrain(resnet18,imagenet-1k)->transfer(Flower102,1.0)","pretrain(mbnetv2,imagenet-1k)->transfer(Flower102,1.0)->steal(mbnetv2)",Flower102,l2,HardSAC,RandomSubsample10,train,50
0.28982752561569214,0.00007431698031723499,"pretrain(resnet18,imagenet-1k)->transfer(Flower102,1.0)","pretrain(mbnetv2,imagenet-1k)->transfer(Flower102,1.0)->steal(resnet18)",Flower102,l2,HardSAC,RandomSubsample10,train,50
0.26229754090309143,0.00007557612843811512,"pretrain(resnet18,imagenet-1k)->transfer(Flower102,1.0)","pretrain(mbnetv2,imagenet-1k)->transfer(Flower102,1.0)->distill()",Flower102,l2,HardSAC,RandomSubsample10,train,50
0.37202149629592896,0.0000740978866815567,"pretrain(resnet18,imagenet-1k)->transfer(Flower102,1.0)","pretrain(resnet18,imagenet-1k)->transfer(Flower102,0.1)",Flower102,l2,HardSAC,RandomSubsample10,train,50
0.30724582076072693,0.00007472792640328407,"pretrain(resnet18,imagenet-1k)->transfer(Flower102,1.0)","pretrain(resnet18,imagenet-1k)->transfer(Flower102,0.1)->prune(0.2)",Flower102,l2,HardSAC,RandomSubsample10,train,50
0.3149603307247162,0.00007591117173433304,"pretrain(resnet18,imagenet-1k)->transfer(Flower102,1.0)","pretrain(resnet18,imagenet-1k)->transfer(Flower102,0.1)->prune(0.5)",Flower102,l2,HardSAC,RandomSubsample10,train,50
0.3249615430831909,0.00007362896576523781,"pretrain(resnet18,imagenet-1k)->transfer(Flower102,1.0)","pretrain(resnet18,imagenet-1k)->transfer(Flower102,0.1)->prune(0.8)",Flower102,l2,HardSAC,RandomSubsample10,train,50
0.37202149629592896,0.00007456797175109386,"pretrain(resnet18,imagenet-1k)->transfer(Flower102,1.0)","pretrain(resnet18,imagenet-1k)->transfer(Flower102,0.1)->quantize(float16)",Flower102,l2,HardSAC,RandomSubsample10,train,50
0.36551332473754883,0.00007377099245786667,"pretrain(resnet18,imagenet-1k)->transfer(Flower102,1.0)","pretrain(resnet18,imagenet-1k)->transfer(Flower102,0.1)->quantize(qint8)",Flower102,l2,HardSAC,RandomSubsample10,train,50
0.2756809592247009,0.0000751058105379343,"pretrain(resnet18,imagenet-1k)->transfer(Flower102,1.0)","pretrain(resnet18,imagenet-1k)->transfer(Flower102,0.1)->steal(mbnetv2)",Flower102,l2,HardSAC,RandomSubsample10,train,50
0.3098386824131012,0.0000738450326025486,"pretrain(resnet18,imagenet-1k)->transfer(Flower102,1.0)","pretrain(resnet18,imagenet-1k)->transfer(Flower102,0.1)->steal(resnet18)",Flower102,l2,HardSAC,RandomSubsample10,train,50
0.39293766021728516,0.00007449300028383732,"pretrain(resnet18,imagenet-1k)->transfer(Flower102,1.0)","pretrain(resnet18,imagenet-1k)->transfer(Flower102,0.1)->distill()",Flower102,l2,HardSAC,RandomSubsample10,train,50
0.27856776118278503,0.00007536215707659721,"pretrain(resnet18,imagenet-1k)->transfer(Flower102,1.0)","pretrain(resnet18,imagenet-1k)->transfer(Flower102,0.5)",Flower102,l2,HardSAC,RandomSubsample10,train,50
0.2800000011920929,0.00007525109685957432,"pretrain(resnet18,imagenet-1k)->transfer(Flower102,1.0)","pretrain(resnet18,imagenet-1k)->transfer(Flower102,0.5)->prune(0.2)",Flower102,l2,HardSAC,RandomSubsample10,train,50
0.28982752561569214,0.00007500080391764641,"pretrain(resnet18,imagenet-1k)->transfer(Flower102,1.0)","pretrain(resnet18,imagenet-1k)->transfer(Flower102,0.5)->prune(0.5)",Flower102,l2,HardSAC,RandomSubsample10,train,50
0.31874755024909973,0.0000819892156869173,"pretrain(resnet18,imagenet-1k)->transfer(Flower102,1.0)","pretrain(resnet18,imagenet-1k)->transfer(Flower102,0.5)->prune(0.8)",Flower102,l2,HardSAC,RandomSubsample10,train,50
0.3249615430831909,0.00007405388168990612,"pretrain(resnet18,imagenet-1k)->transfer(Flower102,1.0)","pretrain(resnet18,imagenet-1k)->transfer(Flower102,0.5)->quantize(float16)",Flower102,l2,HardSAC,RandomSubsample10,train,50
0.3249615430831909,0.00007473607547581196,"pretrain(resnet18,imagenet-1k)->transfer(Flower102,1.0)","pretrain(resnet18,imagenet-1k)->transfer(Flower102,0.5)->quantize(qint8)",Flower102,l2,HardSAC,RandomSubsample10,train,50
0.28425338864326477,0.00007503409869968891,"pretrain(resnet18,imagenet-1k)->transfer(Flower102,1.0)","pretrain(resnet18,imagenet-1k)->transfer(Flower102,0.5)->steal(mbnetv2)",Flower102,l2,HardSAC,RandomSubsample10,train,50
0.28982752561569214,0.00007529696449637413,"pretrain(resnet18,imagenet-1k)->transfer(Flower102,1.0)","pretrain(resnet18,imagenet-1k)->transfer(Flower102,0.5)->steal(resnet18)",Flower102,l2,HardSAC,RandomSubsample10,train,50
0.30331501364707947,0.00007461803033947945,"pretrain(resnet18,imagenet-1k)->transfer(Flower102,1.0)","pretrain(resnet18,imagenet-1k)->transfer(Flower102,0.5)->distill()",Flower102,l2,HardSAC,RandomSubsample10,train,50
0.0,0.00007524690590798855,"pretrain(resnet18,imagenet-1k)->transfer(Flower102,1.0)","pretrain(resnet18,imagenet-1k)->transfer(Flower102,1.0)",Flower102,l2,HardSAC,RandomSubsample10,train,50
0.26832816004753113,0.00008189608342945576,"pretrain(resnet18,imagenet-1k)->transfer(Flower102,1.0)","pretrain(resnet18,imagenet-1k)->transfer(Flower102,1.0)->prune(0.2)",Flower102,l2,HardSAC,RandomSubsample10,train,50
0.2529822289943695,0.00007527414709329605,"pretrain(resnet18,imagenet-1k)->transfer(Flower102,1.0)","pretrain(resnet18,imagenet-1k)->transfer(Flower102,1.0)->prune(0.5)",Flower102,l2,HardSAC,RandomSubsample10,train,50
0.2756809592247009,0.00007396005094051361,"pretrain(resnet18,imagenet-1k)->transfer(Flower102,1.0)","pretrain(resnet18,imagenet-1k)->transfer(Flower102,1.0)->prune(0.8)",Flower102,l2,HardSAC,RandomSubsample10,train,50
0.2727636396884918,0.00007442082278430462,"pretrain(resnet18,imagenet-1k)->transfer(Flower102,1.0)","pretrain(resnet18,imagenet-1k)->transfer(Flower102,1.0)->quantize(float16)",Flower102,l2,HardSAC,RandomSubsample10,train,50
0.2727636396884918,0.0000742690172046423,"pretrain(resnet18,imagenet-1k)->transfer(Flower102,1.0)","pretrain(resnet18,imagenet-1k)->transfer(Flower102,1.0)->quantize(qint8)",Flower102,l2,HardSAC,RandomSubsample10,train,50
0.2638181149959564,0.0000753339845687151,"pretrain(resnet18,imagenet-1k)->transfer(Flower102,1.0)","pretrain(resnet18,imagenet-1k)->transfer(Flower102,1.0)->steal(mbnetv2)",Flower102,l2,HardSAC,RandomSubsample10,train,50
0.29120439291000366,0.00007587019354104996,"pretrain(resnet18,imagenet-1k)->transfer(Flower102,1.0)","pretrain(resnet18,imagenet-1k)->transfer(Flower102,1.0)->steal(resnet18)",Flower102,l2,HardSAC,RandomSubsample10,train,50
0.33346664905548096,0.00007527205161750317,"pretrain(resnet18,imagenet-1k)->transfer(Flower102,1.0)","pretrain(resnet18,imagenet-1k)->transfer(Flower102,1.0)->distill()",Flower102,l2,HardSAC,RandomSubsample10,train,50
0.3174901604652405,0.00007426622323691845,"pretrain(resnet18,imagenet-1k)->transfer(Flower102,1.0)","train(mbnetv2,Flower102)",Flower102,l2,HardSAC,RandomSubsample10,train,50
0.30331501364707947,0.00008465605787932873,"pretrain(resnet18,imagenet-1k)->transfer(Flower102,1.0)","train(mbnetv2,Flower102)->prune(0.2)",Flower102,l2,HardSAC,RandomSubsample10,train,50
0.28705400228500366,0.00007517100311815739,"pretrain(resnet18,imagenet-1k)->transfer(Flower102,1.0)","train(mbnetv2,Flower102)->prune(0.5)",Flower102,l2,HardSAC,RandomSubsample10,train,50
0.3237282931804657,0.00007490883581340313,"pretrain(resnet18,imagenet-1k)->transfer(Flower102,1.0)","train(mbnetv2,Flower102)->prune(0.8)",Flower102,l2,HardSAC,RandomSubsample10,train,50
0.2939387857913971,0.00007532001473009586,"pretrain(resnet18,imagenet-1k)->transfer(Flower102,1.0)","train(mbnetv2,Flower102)->steal(mbnetv2)",Flower102,l2,HardSAC,RandomSubsample10,train,50
0.32124757766723633,0.00007506879046559334,"pretrain(resnet18,imagenet-1k)->transfer(Flower102,1.0)","train(mbnetv2,Flower102)->steal(resnet18)",Flower102,l2,HardSAC,RandomSubsample10,train,50
0.30331501364707947,0.00007631885819137096,"pretrain(resnet18,imagenet-1k)->transfer(Flower102,1.0)","train(mbnetv2,Flower102)->distill()",Flower102,l2,HardSAC,RandomSubsample10,train,50
0.3588871657848358,0.00007497100159525871,"pretrain(resnet18,imagenet-1k)->transfer(Flower102,1.0)","train(resnet18,Flower102)",Flower102,l2,HardSAC,RandomSubsample10,train,50
0.3199999928474426,0.00007753516547381878,"pretrain(resnet18,imagenet-1k)->transfer(Flower102,1.0)","train(resnet18,Flower102)->prune(0.2)",Flower102,l2,HardSAC,RandomSubsample10,train,50
0.33346664905548096,0.00007658102549612522,"pretrain(resnet18,imagenet-1k)->transfer(Flower102,1.0)","train(resnet18,Flower102)->prune(0.5)",Flower102,l2,HardSAC,RandomSubsample10,train,50
0.3358571231365204,0.00007554818876087666,"pretrain(resnet18,imagenet-1k)->transfer(Flower102,1.0)","train(resnet18,Flower102)->prune(0.8)",Flower102,l2,HardSAC,RandomSubsample10,train,50
0.3149603307247162,0.0000744410790503025,"pretrain(resnet18,imagenet-1k)->transfer(Flower102,1.0)","train(resnet18,Flower102)->steal(mbnetv2)",Flower102,l2,HardSAC,RandomSubsample10,train,50
0.3237282931804657,0.00008220295421779156,"pretrain(resnet18,imagenet-1k)->transfer(Flower102,1.0)","train(resnet18,Flower102)->steal(resnet18)",Flower102,l2,HardSAC,RandomSubsample10,train,50
0.3577708899974823,0.00007573585025966167,"pretrain(resnet18,imagenet-1k)->transfer(Flower102,1.0)","train(resnet18,Flower102)->distill()",Flower102,l2,HardSAC,RandomSubsample10,train,50
0.30854496359825134,0.00013461709022521973,"train(mbnetv2,Flower102)","pretrain(mbnetv2,imagenet-1k)->transfer(Flower102,0.1)",Flower102,l2,HardSAC,RandomSubsample10,train,50
0.29257479310035706,0.00009246403351426125,"train(mbnetv2,Flower102)","pretrain(mbnetv2,imagenet-1k)->transfer(Flower102,0.1)->prune(0.2)",Flower102,l2,HardSAC,RandomSubsample10,train,50
0.28142493963241577,0.00007709604687988758,"train(mbnetv2,Flower102)","pretrain(mbnetv2,imagenet-1k)->transfer(Flower102,0.1)->prune(0.5)",Flower102,l2,HardSAC,RandomSubsample10,train,50
0.30463093519210815,0.00007541407831013203,"train(mbnetv2,Flower102)","pretrain(mbnetv2,imagenet-1k)->transfer(Flower102,0.1)->prune(0.8)",Flower102,l2,HardSAC,RandomSubsample10,train,50
0.30854496359825134,0.00008342391811311245,"train(mbnetv2,Flower102)","pretrain(mbnetv2,imagenet-1k)->transfer(Flower102,0.1)->quantize(float16)",Flower102,l2,HardSAC,RandomSubsample10,train,50
0.30854496359825134,0.00007536006160080433,"train(mbnetv2,Flower102)","pretrain(mbnetv2,imagenet-1k)->transfer(Flower102,0.1)->quantize(qint8)",Flower102,l2,HardSAC,RandomSubsample10,train,50
0.2727636396884918,0.00007459614425897598,"train(mbnetv2,Flower102)","pretrain(mbnetv2,imagenet-1k)->transfer(Flower102,0.1)->steal(mbnetv2)",Flower102,l2,HardSAC,RandomSubsample10,train,50
0.2756809592247009,0.00007520010694861412,"train(mbnetv2,Flower102)","pretrain(mbnetv2,imagenet-1k)->transfer(Flower102,0.1)->steal(resnet18)",Flower102,l2,HardSAC,RandomSubsample10,train,50
0.2607681155204773,0.00007483107037842274,"train(mbnetv2,Flower102)","pretrain(mbnetv2,imagenet-1k)->transfer(Flower102,0.1)->distill()",Flower102,l2,HardSAC,RandomSubsample10,train,50
0.28982752561569214,0.00007494702003896236,"train(mbnetv2,Flower102)","pretrain(mbnetv2,imagenet-1k)->transfer(Flower102,0.5)",Flower102,l2,HardSAC,RandomSubsample10,train,50
0.29257479310035706,0.000073947012424469,"train(mbnetv2,Flower102)","pretrain(mbnetv2,imagenet-1k)->transfer(Flower102,0.5)->prune(0.2)",Flower102,l2,HardSAC,RandomSubsample10,train,50
0.2592296302318573,0.00007445481605827808,"train(mbnetv2,Flower102)","pretrain(mbnetv2,imagenet-1k)->transfer(Flower102,0.5)->prune(0.5)",Flower102,l2,HardSAC,RandomSubsample10,train,50
0.3773592412471771,0.00007429206743836403,"train(mbnetv2,Flower102)","pretrain(mbnetv2,imagenet-1k)->transfer(Flower102,0.5)->prune(0.8)",Flower102,l2,HardSAC,RandomSubsample10,train,50
0.28982752561569214,0.00007494608871638775,"train(mbnetv2,Flower102)","pretrain(mbnetv2,imagenet-1k)->transfer(Flower102,0.5)->quantize(float16)",Flower102,l2,HardSAC,RandomSubsample10,train,50
0.28982752561569214,0.00007451721467077732,"train(mbnetv2,Flower102)","pretrain(mbnetv2,imagenet-1k)->transfer(Flower102,0.5)->quantize(qint8)",Flower102,l2,HardSAC,RandomSubsample10,train,50
0.2638181149959564,0.00007408112287521362,"train(mbnetv2,Flower102)","pretrain(mbnetv2,imagenet-1k)->transfer(Flower102,0.5)->steal(mbnetv2)",Flower102,l2,HardSAC,RandomSubsample10,train,50
0.26229754090309143,0.00007408601231873035,"train(mbnetv2,Flower102)","pretrain(mbnetv2,imagenet-1k)->transfer(Flower102,0.5)->steal(resnet18)",Flower102,l2,HardSAC,RandomSubsample10,train,50
0.23494680225849152,0.00007521407678723335,"train(mbnetv2,Flower102)","pretrain(mbnetv2,imagenet-1k)->transfer(Flower102,0.5)->distill()",Flower102,l2,HardSAC,RandomSubsample10,train,50
0.29120439291000366,0.00007446808740496635,"train(mbnetv2,Flower102)","pretrain(mbnetv2,imagenet-1k)->transfer(Flower102,1.0)",Flower102,l2,HardSAC,RandomSubsample10,train,50
0.27856776118278503,0.00008573895320296288,"train(mbnetv2,Flower102)","pretrain(mbnetv2,imagenet-1k)->transfer(Flower102,1.0)->prune(0.2)",Flower102,l2,HardSAC,RandomSubsample10,train,50
0.29257479310035706,0.00007395492866635323,"train(mbnetv2,Flower102)","pretrain(mbnetv2,imagenet-1k)->transfer(Flower102,1.0)->prune(0.5)",Flower102,l2,HardSAC,RandomSubsample10,train,50
0.3059411644935608,0.00007493491284549236,"train(mbnetv2,Flower102)","pretrain(mbnetv2,imagenet-1k)->transfer(Flower102,1.0)->prune(0.8)",Flower102,l2,HardSAC,RandomSubsample10,train,50
0.29120439291000366,0.0000753551721572876,"train(mbnetv2,Flower102)","pretrain(mbnetv2,imagenet-1k)->transfer(Flower102,1.0)->quantize(float16)",Flower102,l2,HardSAC,RandomSubsample10,train,50
0.29120439291000366,0.0000743719283491373,"train(mbnetv2,Flower102)","pretrain(mbnetv2,imagenet-1k)->transfer(Flower102,1.0)->quantize(qint8)",Flower102,l2,HardSAC,RandomSubsample10,train,50
0.2545584440231323,0.00007507298141717911,"train(mbnetv2,Flower102)","pretrain(mbnetv2,imagenet-1k)->transfer(Flower102,1.0)->steal(mbnetv2)",Flower102,l2,HardSAC,RandomSubsample10,train,50
0.23494680225849152,0.00007397495210170746,"train(mbnetv2,Flower102)","pretrain(mbnetv2,imagenet-1k)->transfer(Flower102,1.0)->steal(resnet18)",Flower102,l2,HardSAC,RandomSubsample10,train,50
0.22627416253089905,0.00007562688551843166,"train(mbnetv2,Flower102)","pretrain(mbnetv2,imagenet-1k)->transfer(Flower102,1.0)->distill()",Flower102,l2,HardSAC,RandomSubsample10,train,50
0.3162277638912201,0.00007506413385272026,"train(mbnetv2,Flower102)","pretrain(resnet18,imagenet-1k)->transfer(Flower102,0.1)",Flower102,l2,HardSAC,RandomSubsample10,train,50
0.30199337005615234,0.00008358294144272804,"train(mbnetv2,Flower102)","pretrain(resnet18,imagenet-1k)->transfer(Flower102,0.1)->prune(0.2)",Flower102,l2,HardSAC,RandomSubsample10,train,50
0.29120439291000366,0.00007414305582642555,"train(mbnetv2,Flower102)","pretrain(resnet18,imagenet-1k)->transfer(Flower102,0.1)->prune(0.5)",Flower102,l2,HardSAC,RandomSubsample10,train,50
0.2529822289943695,0.00007427483797073364,"train(mbnetv2,Flower102)","pretrain(resnet18,imagenet-1k)->transfer(Flower102,0.1)->prune(0.8)",Flower102,l2,HardSAC,RandomSubsample10,train,50
0.3162277638912201,0.0000751689076423645,"train(mbnetv2,Flower102)","pretrain(resnet18,imagenet-1k)->transfer(Flower102,0.1)->quantize(float16)",Flower102,l2,HardSAC,RandomSubsample10,train,50
0.3162277638912201,0.00007381499744951725,"train(mbnetv2,Flower102)","pretrain(resnet18,imagenet-1k)->transfer(Flower102,0.1)->quantize(qint8)",Flower102,l2,HardSAC,RandomSubsample10,train,50
0.2416609227657318,0.00007444992661476135,"train(mbnetv2,Flower102)","pretrain(resnet18,imagenet-1k)->transfer(Flower102,0.1)->steal(mbnetv2)",Flower102,l2,HardSAC,RandomSubsample10,train,50
0.24819347262382507,0.0000741519033908844,"train(mbnetv2,Flower102)","pretrain(resnet18,imagenet-1k)->transfer(Flower102,0.1)->steal(resnet18)",Flower102,l2,HardSAC,RandomSubsample10,train,50
0.25612497329711914,0.00007481593638658524,"train(mbnetv2,Flower102)","pretrain(resnet18,imagenet-1k)->transfer(Flower102,0.1)->distill()",Flower102,l2,HardSAC,RandomSubsample10,train,50
0.2800000011920929,0.00007454096339643002,"train(mbnetv2,Flower102)","pretrain(resnet18,imagenet-1k)->transfer(Flower102,0.5)",Flower102,l2,HardSAC,RandomSubsample10,train,50
0.28425338864326477,0.00007510907016694546,"train(mbnetv2,Flower102)","pretrain(resnet18,imagenet-1k)->transfer(Flower102,0.5)->prune(0.2)",Flower102,l2,HardSAC,RandomSubsample10,train,50
0.28705400228500366,0.00007349788211286068,"train(mbnetv2,Flower102)","pretrain(resnet18,imagenet-1k)->transfer(Flower102,0.5)->prune(0.5)",Flower102,l2,HardSAC,RandomSubsample10,train,50
0.23999999463558197,0.00008294894360005856,"train(mbnetv2,Flower102)","pretrain(resnet18,imagenet-1k)->transfer(Flower102,0.5)->prune(0.8)",Flower102,l2,HardSAC,RandomSubsample10,train,50
0.28142493963241577,0.00007446995005011559,"train(mbnetv2,Flower102)","pretrain(resnet18,imagenet-1k)->transfer(Flower102,0.5)->quantize(float16)",Flower102,l2,HardSAC,RandomSubsample10,train,50
0.28142493963241577,0.00007385993376374245,"train(mbnetv2,Flower102)","pretrain(resnet18,imagenet-1k)->transfer(Flower102,0.5)->quantize(qint8)",Flower102,l2,HardSAC,RandomSubsample10,train,50
0.27129319310188293,0.00007502594962716103,"train(mbnetv2,Flower102)","pretrain(resnet18,imagenet-1k)->transfer(Flower102,0.5)->steal(mbnetv2)",Flower102,l2,HardSAC,RandomSubsample10,train,50
0.2497999221086502,0.00007446389645338058,"train(mbnetv2,Flower102)","pretrain(resnet18,imagenet-1k)->transfer(Flower102,0.5)->steal(resnet18)",Flower102,l2,HardSAC,RandomSubsample10,train,50
0.26981475949287415,0.00007476285099983215,"train(mbnetv2,Flower102)","pretrain(resnet18,imagenet-1k)->transfer(Flower102,0.5)->distill()",Flower102,l2,HardSAC,RandomSubsample10,train,50
0.24494896829128265,0.00007405504584312439,"train(mbnetv2,Flower102)","pretrain(resnet18,imagenet-1k)->transfer(Flower102,1.0)",Flower102,l2,HardSAC,RandomSubsample10,train,50
0.26832816004753113,0.00007447600364685059,"train(mbnetv2,Flower102)","pretrain(resnet18,imagenet-1k)->transfer(Flower102,1.0)->prune(0.2)",Flower102,l2,HardSAC,RandomSubsample10,train,50
0.2545584440231323,0.00007408810779452324,"train(mbnetv2,Flower102)","pretrain(resnet18,imagenet-1k)->transfer(Flower102,1.0)->prune(0.5)",Flower102,l2,HardSAC,RandomSubsample10,train,50
0.2607681155204773,0.00008082319982349873,"train(mbnetv2,Flower102)","pretrain(resnet18,imagenet-1k)->transfer(Flower102,1.0)->prune(0.8)",Flower102,l2,HardSAC,RandomSubsample10,train,50
0.26981475949287415,0.00007559079676866531,"train(mbnetv2,Flower102)","pretrain(resnet18,imagenet-1k)->transfer(Flower102,1.0)->quantize(float16)",Flower102,l2,HardSAC,RandomSubsample10,train,50
0.26981475949287415,0.0000741579569876194,"train(mbnetv2,Flower102)","pretrain(resnet18,imagenet-1k)->transfer(Flower102,1.0)->quantize(qint8)",Flower102,l2,HardSAC,RandomSubsample10,train,50
0.26832816004753113,0.00007423805072903633,"train(mbnetv2,Flower102)","pretrain(resnet18,imagenet-1k)->transfer(Flower102,1.0)->steal(mbnetv2)",Flower102,l2,HardSAC,RandomSubsample10,train,50
0.28425338864326477,0.00007412605918943882,"train(mbnetv2,Flower102)","pretrain(resnet18,imagenet-1k)->transfer(Flower102,1.0)->steal(resnet18)",Flower102,l2,HardSAC,RandomSubsample10,train,50
0.2592296302318573,0.00007410487160086632,"train(mbnetv2,Flower102)","pretrain(resnet18,imagenet-1k)->transfer(Flower102,1.0)->distill()",Flower102,l2,HardSAC,RandomSubsample10,train,50
0.0,0.00007489509880542755,"train(mbnetv2,Flower102)","train(mbnetv2,Flower102)",Flower102,l2,HardSAC,RandomSubsample10,train,50
0.04898979514837265,0.00007348996587097645,"train(mbnetv2,Flower102)","train(mbnetv2,Flower102)->prune(0.2)",Flower102,l2,HardSAC,RandomSubsample10,train,50
0.18761663138866425,0.00007323711179196835,"train(mbnetv2,Flower102)","train(mbnetv2,Flower102)->prune(0.5)",Flower102,l2,HardSAC,RandomSubsample10,train,50
0.28705400228500366,0.00007433514110744,"train(mbnetv2,Flower102)","train(mbnetv2,Flower102)->prune(0.8)",Flower102,l2,HardSAC,RandomSubsample10,train,50
0.28142493963241577,0.00007397308945655823,"train(mbnetv2,Flower102)","train(mbnetv2,Flower102)->steal(mbnetv2)",Flower102,l2,HardSAC,RandomSubsample10,train,50
0.2592296302318573,0.0000745728611946106,"train(mbnetv2,Flower102)","train(mbnetv2,Flower102)->steal(resnet18)",Flower102,l2,HardSAC,RandomSubsample10,train,50
0.19390718638896942,0.00007453211583197117,"train(mbnetv2,Flower102)","train(mbnetv2,Flower102)->distill()",Flower102,l2,HardSAC,RandomSubsample10,train,50
0.2607681155204773,0.00008296407759189606,"train(mbnetv2,Flower102)","train(resnet18,Flower102)",Flower102,l2,HardSAC,RandomSubsample10,train,50
0.23494680225849152,0.00007502199150621891,"train(mbnetv2,Flower102)","train(resnet18,Flower102)->prune(0.2)",Flower102,l2,HardSAC,RandomSubsample10,train,50
0.2332380712032318,0.00007394794374704361,"train(mbnetv2,Flower102)","train(resnet18,Flower102)->prune(0.5)",Flower102,l2,HardSAC,RandomSubsample10,train,50
0.22978250682353973,0.00007511000148952007,"train(mbnetv2,Flower102)","train(resnet18,Flower102)->prune(0.8)",Flower102,l2,HardSAC,RandomSubsample10,train,50
0.2497999221086502,0.00007466413080692291,"train(mbnetv2,Flower102)","train(resnet18,Flower102)->steal(mbnetv2)",Flower102,l2,HardSAC,RandomSubsample10,train,50
0.2607681155204773,0.00007579708471894264,"train(mbnetv2,Flower102)","train(resnet18,Flower102)->steal(resnet18)",Flower102,l2,HardSAC,RandomSubsample10,train,50
0.2280350923538208,0.00007524085231125355,"train(mbnetv2,Flower102)","train(resnet18,Flower102)->distill()",Flower102,l2,HardSAC,RandomSubsample10,train,50
0.430813193321228,0.0001475189346820116,"train(resnet18,Flower102)","pretrain(mbnetv2,imagenet-1k)->transfer(Flower102,0.1)",Flower102,l2,HardSAC,RandomSubsample10,train,50
0.3847076892852783,0.0001006589736789465,"train(resnet18,Flower102)","pretrain(mbnetv2,imagenet-1k)->transfer(Flower102,0.1)->prune(0.2)",Flower102,l2,HardSAC,RandomSubsample10,train,50
0.3898717761039734,0.00007968395948410034,"train(resnet18,Flower102)","pretrain(mbnetv2,imagenet-1k)->transfer(Flower102,0.1)->prune(0.5)",Flower102,l2,HardSAC,RandomSubsample10,train,50
0.41569221019744873,0.00007661618292331696,"train(resnet18,Flower102)","pretrain(mbnetv2,imagenet-1k)->transfer(Flower102,0.1)->prune(0.8)",Flower102,l2,HardSAC,RandomSubsample10,train,50
0.430813193321228,0.00007574190385639668,"train(resnet18,Flower102)","pretrain(mbnetv2,imagenet-1k)->transfer(Flower102,0.1)->quantize(float16)",Flower102,l2,HardSAC,RandomSubsample10,train,50
0.4317406713962555,0.00007511395961046219,"train(resnet18,Flower102)","pretrain(mbnetv2,imagenet-1k)->transfer(Flower102,0.1)->quantize(qint8)",Flower102,l2,HardSAC,RandomSubsample10,train,50
0.3939543068408966,0.00007579498924314976,"train(resnet18,Flower102)","pretrain(mbnetv2,imagenet-1k)->transfer(Flower102,0.1)->steal(mbnetv2)",Flower102,l2,HardSAC,RandomSubsample10,train,50
0.3989987373352051,0.00007509510032832623,"train(resnet18,Flower102)","pretrain(mbnetv2,imagenet-1k)->transfer(Flower102,0.1)->steal(resnet18)",Flower102,l2,HardSAC,RandomSubsample10,train,50
0.3949683606624603,0.00008246186189353466,"train(resnet18,Flower102)","pretrain(mbnetv2,imagenet-1k)->transfer(Flower102,0.1)->distill()",Flower102,l2,HardSAC,RandomSubsample10,train,50
0.36441734433174133,0.00007514492608606815,"train(resnet18,Flower102)","pretrain(mbnetv2,imagenet-1k)->transfer(Flower102,0.5)",Flower102,l2,HardSAC,RandomSubsample10,train,50
0.35327044129371643,0.00007483107037842274,"train(resnet18,Flower102)","pretrain(mbnetv2,imagenet-1k)->transfer(Flower102,0.5)->prune(0.2)",Flower102,l2,HardSAC,RandomSubsample10,train,50
0.3847076892852783,0.00007573608309030533,"train(resnet18,Flower102)","pretrain(mbnetv2,imagenet-1k)->transfer(Flower102,0.5)->prune(0.5)",Flower102,l2,HardSAC,RandomSubsample10,train,50
0.4289522171020508,0.0000742629636079073,"train(resnet18,Flower102)","pretrain(mbnetv2,imagenet-1k)->transfer(Flower102,0.5)->prune(0.8)",Flower102,l2,HardSAC,RandomSubsample10,train,50
0.36441734433174133,0.00007520010694861412,"train(resnet18,Flower102)","pretrain(mbnetv2,imagenet-1k)->transfer(Flower102,0.5)->quantize(float16)",Flower102,l2,HardSAC,RandomSubsample10,train,50
0.36441734433174133,0.00007459893822669983,"train(resnet18,Flower102)","pretrain(mbnetv2,imagenet-1k)->transfer(Flower102,0.5)->quantize(qint8)",Flower102,l2,HardSAC,RandomSubsample10,train,50
0.3794732987880707,0.00007483898662030697,"train(resnet18,Flower102)","pretrain(mbnetv2,imagenet-1k)->transfer(Flower102,0.5)->steal(mbnetv2)",Flower102,l2,HardSAC,RandomSubsample10,train,50
0.3898717761039734,0.00007452303543686867,"train(resnet18,Flower102)","pretrain(mbnetv2,imagenet-1k)->transfer(Flower102,0.5)->steal(resnet18)",Flower102,l2,HardSAC,RandomSubsample10,train,50
0.38157567381858826,0.00007432582788169384,"train(resnet18,Flower102)","pretrain(mbnetv2,imagenet-1k)->transfer(Flower102,0.5)->distill()",Flower102,l2,HardSAC,RandomSubsample10,train,50
0.38157567381858826,0.00007444014772772789,"train(resnet18,Flower102)","pretrain(mbnetv2,imagenet-1k)->transfer(Flower102,1.0)",Flower102,l2,HardSAC,RandomSubsample10,train,50
0.3784177601337433,0.00007468089461326599,"train(resnet18,Flower102)","pretrain(mbnetv2,imagenet-1k)->transfer(Flower102,1.0)->prune(0.2)",Flower102,l2,HardSAC,RandomSubsample10,train,50
0.4507771134376526,0.00007542106322944164,"train(resnet18,Flower102)","pretrain(mbnetv2,imagenet-1k)->transfer(Flower102,1.0)->prune(0.5)",Flower102,l2,HardSAC,RandomSubsample10,train,50
0.4147288203239441,0.00007479800842702389,"train(resnet18,Flower102)","pretrain(mbnetv2,imagenet-1k)->transfer(Flower102,1.0)->prune(0.8)",Flower102,l2,HardSAC,RandomSubsample10,train,50
0.38157567381858826,0.00007529603317379951,"train(resnet18,Flower102)","pretrain(mbnetv2,imagenet-1k)->transfer(Flower102,1.0)->quantize(float16)",Flower102,l2,HardSAC,RandomSubsample10,train,50
0.37416574358940125,0.00007445807568728924,"train(resnet18,Flower102)","pretrain(mbnetv2,imagenet-1k)->transfer(Flower102,1.0)->quantize(qint8)",Flower102,l2,HardSAC,RandomSubsample10,train,50
0.3836665153503418,0.00007409695535898209,"train(resnet18,Flower102)","pretrain(mbnetv2,imagenet-1k)->transfer(Flower102,1.0)->steal(mbnetv2)",Flower102,l2,HardSAC,RandomSubsample10,train,50
0.4019950032234192,0.00007427600212395191,"train(resnet18,Flower102)","pretrain(mbnetv2,imagenet-1k)->transfer(Flower102,1.0)->steal(resnet18)",Flower102,l2,HardSAC,RandomSubsample10,train,50
0.3544009029865265,0.00007935287430882454,"train(resnet18,Flower102)","pretrain(mbnetv2,imagenet-1k)->transfer(Flower102,1.0)->distill()",Flower102,l2,HardSAC,RandomSubsample10,train,50
0.40792155265808105,0.00007381802424788475,"train(resnet18,Flower102)","pretrain(resnet18,imagenet-1k)->transfer(Flower102,0.1)",Flower102,l2,HardSAC,RandomSubsample10,train,50
0.3698648512363434,0.0000744920689612627,"train(resnet18,Flower102)","pretrain(resnet18,imagenet-1k)->transfer(Flower102,0.1)->prune(0.2)",Flower102,l2,HardSAC,RandomSubsample10,train,50
0.3698648512363434,0.0000751870684325695,"train(resnet18,Flower102)","pretrain(resnet18,imagenet-1k)->transfer(Flower102,0.1)->prune(0.5)",Flower102,l2,HardSAC,RandomSubsample10,train,50
0.43634849786758423,0.00007441802881658077,"train(resnet18,Flower102)","pretrain(resnet18,imagenet-1k)->transfer(Flower102,0.1)->prune(0.8)",Flower102,l2,HardSAC,RandomSubsample10,train,50
0.40792155265808105,0.0000749579630792141,"train(resnet18,Flower102)","pretrain(resnet18,imagenet-1k)->transfer(Flower102,0.1)->quantize(float16)",Flower102,l2,HardSAC,RandomSubsample10,train,50
0.40792155265808105,0.00007439916953444481,"train(resnet18,Flower102)","pretrain(resnet18,imagenet-1k)->transfer(Flower102,0.1)->quantize(qint8)",Flower102,l2,HardSAC,RandomSubsample10,train,50
0.3752332627773285,0.00007545598782598972,"train(resnet18,Flower102)","pretrain(resnet18,imagenet-1k)->transfer(Flower102,0.1)->steal(mbnetv2)",Flower102,l2,HardSAC,RandomSubsample10,train,50
0.40298885107040405,0.00007386482320725918,"train(resnet18,Flower102)","pretrain(resnet18,imagenet-1k)->transfer(Flower102,0.1)->steal(resnet18)",Flower102,l2,HardSAC,RandomSubsample10,train,50
0.41856899857521057,0.00007398193702101707,"train(resnet18,Flower102)","pretrain(resnet18,imagenet-1k)->transfer(Flower102,0.1)->distill()",Flower102,l2,HardSAC,RandomSubsample10,train,50
0.3709447383880615,0.00007445504888892174,"train(resnet18,Flower102)","pretrain(resnet18,imagenet-1k)->transfer(Flower102,0.5)",Flower102,l2,HardSAC,RandomSubsample10,train,50
0.3794732987880707,0.0000742119736969471,"train(resnet18,Flower102)","pretrain(resnet18,imagenet-1k)->transfer(Flower102,0.5)->prune(0.2)",Flower102,l2,HardSAC,RandomSubsample10,train,50
0.3698648512363434,0.00007539289072155952,"train(resnet18,Flower102)","pretrain(resnet18,imagenet-1k)->transfer(Flower102,0.5)->prune(0.5)",Flower102,l2,HardSAC,RandomSubsample10,train,50
0.4000000059604645,0.0000749670434743166,"train(resnet18,Flower102)","pretrain(resnet18,imagenet-1k)->transfer(Flower102,0.5)->prune(0.8)",Flower102,l2,HardSAC,RandomSubsample10,train,50
0.38157567381858826,0.0000735321082174778,"train(resnet18,Flower102)","pretrain(resnet18,imagenet-1k)->transfer(Flower102,0.5)->quantize(float16)",Flower102,l2,HardSAC,RandomSubsample10,train,50
0.38157567381858826,0.00007393304258584976,"train(resnet18,Flower102)","pretrain(resnet18,imagenet-1k)->transfer(Flower102,0.5)->quantize(qint8)",Flower102,l2,HardSAC,RandomSubsample10,train,50
0.3709447383880615,0.0000745789147913456,"train(resnet18,Flower102)","pretrain(resnet18,imagenet-1k)->transfer(Flower102,0.5)->steal(mbnetv2)",Flower102,l2,HardSAC,RandomSubsample10,train,50
0.35099858045578003,0.0000742089468985796,"train(resnet18,Flower102)","pretrain(resnet18,imagenet-1k)->transfer(Flower102,0.5)->steal(resnet18)",Flower102,l2,HardSAC,RandomSubsample10,train,50
0.38781437277793884,0.0000734811183065176,"train(resnet18,Flower102)","pretrain(resnet18,imagenet-1k)->transfer(Flower102,0.5)->distill()",Flower102,l2,HardSAC,RandomSubsample10,train,50
0.3752332627773285,0.00007543200626969337,"train(resnet18,Flower102)","pretrain(resnet18,imagenet-1k)->transfer(Flower102,1.0)",Flower102,l2,HardSAC,RandomSubsample10,train,50
0.37309515476226807,0.00007509300485253334,"train(resnet18,Flower102)","pretrain(resnet18,imagenet-1k)->transfer(Flower102,1.0)->prune(0.2)",Flower102,l2,HardSAC,RandomSubsample10,train,50
0.36769551038742065,0.00007553189061582088,"train(resnet18,Flower102)","pretrain(resnet18,imagenet-1k)->transfer(Flower102,1.0)->prune(0.5)",Flower102,l2,HardSAC,RandomSubsample10,train,50
0.3939543068408966,0.00007514283061027527,"train(resnet18,Flower102)","pretrain(resnet18,imagenet-1k)->transfer(Flower102,1.0)->prune(0.8)",Flower102,l2,HardSAC,RandomSubsample10,train,50
0.37202149629592896,0.0000746420118957758,"train(resnet18,Flower102)","pretrain(resnet18,imagenet-1k)->transfer(Flower102,1.0)->quantize(float16)",Flower102,l2,HardSAC,RandomSubsample10,train,50
0.36769551038742065,0.00007478799670934677,"train(resnet18,Flower102)","pretrain(resnet18,imagenet-1k)->transfer(Flower102,1.0)->quantize(qint8)",Flower102,l2,HardSAC,RandomSubsample10,train,50
0.37416574358940125,0.00007569394074380398,"train(resnet18,Flower102)","pretrain(resnet18,imagenet-1k)->transfer(Flower102,1.0)->steal(mbnetv2)",Flower102,l2,HardSAC,RandomSubsample10,train,50
0.3989987373352051,0.00007589207962155342,"train(resnet18,Flower102)","pretrain(resnet18,imagenet-1k)->transfer(Flower102,1.0)->steal(resnet18)",Flower102,l2,HardSAC,RandomSubsample10,train,50
0.37416574358940125,0.00008114101365208626,"train(resnet18,Flower102)","pretrain(resnet18,imagenet-1k)->transfer(Flower102,1.0)->distill()",Flower102,l2,HardSAC,RandomSubsample10,train,50
0.3794732987880707,0.00007531396113336086,"train(resnet18,Flower102)","train(mbnetv2,Flower102)",Flower102,l2,HardSAC,RandomSubsample10,train,50
0.4009987413883209,0.00007461896166205406,"train(resnet18,Flower102)","train(mbnetv2,Flower102)->prune(0.2)",Flower102,l2,HardSAC,RandomSubsample10,train,50
0.4089009761810303,0.00007511302828788757,"train(resnet18,Flower102)","train(mbnetv2,Flower102)->prune(0.5)",Flower102,l2,HardSAC,RandomSubsample10,train,50
0.3898717761039734,0.00007424619980156422,"train(resnet18,Flower102)","train(mbnetv2,Flower102)->prune(0.8)",Flower102,l2,HardSAC,RandomSubsample10,train,50
0.338230699300766,0.00007458310574293137,"train(resnet18,Flower102)","train(mbnetv2,Flower102)->steal(mbnetv2)",Flower102,l2,HardSAC,RandomSubsample10,train,50
0.2416609227657318,0.0000764958094805479,"train(resnet18,Flower102)","train(mbnetv2,Flower102)->steal(resnet18)",Flower102,l2,HardSAC,RandomSubsample10,train,50
0.3577708899974823,0.00007566390559077263,"train(resnet18,Flower102)","train(mbnetv2,Flower102)->distill()",Flower102,l2,HardSAC,RandomSubsample10,train,50
0.0,0.00007524294778704643,"train(resnet18,Flower102)","train(resnet18,Flower102)",Flower102,l2,HardSAC,RandomSubsample10,train,50
0.32124757766723633,0.00007996591739356518,"train(resnet18,Flower102)","train(resnet18,Flower102)->prune(0.2)",Flower102,l2,HardSAC,RandomSubsample10,train,50
0.3358571231365204,0.00007445807568728924,"train(resnet18,Flower102)","train(resnet18,Flower102)->prune(0.5)",Flower102,l2,HardSAC,RandomSubsample10,train,50
0.30854496359825134,0.00007464690133929253,"train(resnet18,Flower102)","train(resnet18,Flower102)->prune(0.8)",Flower102,l2,HardSAC,RandomSubsample10,train,50
0.39597979187965393,0.00007500592619180679,"train(resnet18,Flower102)","train(resnet18,Flower102)->steal(mbnetv2)",Flower102,l2,HardSAC,RandomSubsample10,train,50
0.2756809592247009,0.00007394491694867611,"train(resnet18,Flower102)","train(resnet18,Flower102)->steal(resnet18)",Flower102,l2,HardSAC,RandomSubsample10,train,50
0.30331501364707947,0.00007645785808563232,"train(resnet18,Flower102)","train(resnet18,Flower102)->distill()",Flower102,l2,HardSAC,RandomSubsample10,train,50
